
Iterations = 875025:1e+06
Thinning interval = 25 
Number of chains = 3 
Sample size per chain = 5000 

1. Empirical mean and standard deviation for each variable,
   plus standard error of the mean:

                   Mean      SD  Naive SE Time-series SE
index.new[1]   0.247083 0.97361 0.0079495      0.0079499
index.new[2]   0.258858 0.96014 0.0078395      0.0078396
index.new[3]   0.262280 0.99402 0.0081162      0.0080316
index.new[4]   0.283307 0.99811 0.0081495      0.0081500
index.new[5]   0.290954 1.02158 0.0083411      0.0087589
index.new[6]   0.293095 1.04123 0.0085016      0.0085021
index.new[7]  -0.287715 0.96581 0.0078858      0.0082802
index.new[8]  -0.276328 0.96953 0.0079162      0.0076956
index.new[9]  -0.248633 0.98091 0.0080091      0.0079577
index.new[10] -0.261398 0.99198 0.0080995      0.0081600
index.new[11] -0.232385 1.01947 0.0083239      0.0082123
index.new[12] -0.241165 1.04829 0.0085592      0.0085594
index.new[13] -0.128189 0.96743 0.0078990      0.0080100
index.new[14] -0.121919 0.96578 0.0078856      0.0078860
index.new[15] -0.110043 0.98451 0.0080385      0.0080390
index.new[16] -0.104684 0.99866 0.0081540      0.0080378
index.new[17] -0.079537 1.02906 0.0084023      0.0084173
index.new[18] -0.068942 1.03890 0.0084826      0.0086808
mu.new[1]      0.243344 0.14250 0.0011635      0.0010839
mu.new[2]      0.247541 0.13591 0.0011097      0.0011094
mu.new[3]      0.267987 0.25111 0.0020503      0.0019948
mu.new[4]      0.272185 0.27978 0.0022844      0.0022132
mu.new[5]      0.290655 0.38858 0.0031728      0.0033746
mu.new[6]      0.294853 0.41618 0.0033981      0.0035709
mu.new[7]     -0.277633 0.14582 0.0011907      0.0012016
mu.new[8]     -0.273436 0.18999 0.0015513      0.0015511
mu.new[9]     -0.252990 0.22937 0.0018728      0.0018574
mu.new[10]    -0.248792 0.29069 0.0023734      0.0023819
mu.new[11]    -0.230322 0.36672 0.0029942      0.0031567
mu.new[12]    -0.226124 0.41635 0.0033995      0.0035214
mu.new[13]    -0.128300 0.14613 0.0011931      0.0011910
mu.new[14]    -0.124102 0.14125 0.0011533      0.0011542
mu.new[15]    -0.103656 0.25046 0.0020450      0.0020378
mu.new[16]    -0.099458 0.27997 0.0022860      0.0022674
mu.new[17]    -0.080988 0.37301 0.0030456      0.0032189
mu.new[18]    -0.076790 0.40221 0.0032841      0.0034181
prob[1]        0.492133 0.49995 0.0040821      0.0040816
prob[2]        0.455333 0.49802 0.0040663      0.0040079
prob[3]        0.448200 0.49733 0.0040607      0.0041675
prob[4]        0.998333 0.04079 0.0003331      0.0003602
prob[5]        0.992333 0.08723 0.0007122      0.0007172
prob[6]        0.837333 0.36907 0.0030135      0.0031166
prob[7]        0.043133 0.20316 0.0016588      0.0016568
prob[8]        0.096267 0.29497 0.0024084      0.0024548
prob[9]        0.008933 0.09410 0.0007683      0.0007995
prob[10]       0.087933 0.28321 0.0023124      0.0022667
prob[11]       0.163400 0.36974 0.0030189      0.0030696
prob[12]       0.054733 0.22747 0.0018573      0.0018573
prob[13]       0.044533 0.20628 0.0016843      0.0016844
prob[14]       0.034200 0.18175 0.0014840      0.0014840
prob[15]       0.142933 0.35002 0.0028579      0.0028385
prob[16]       0.227733 0.41938 0.0034243      0.0035776
prob[17]       0.971200 0.16725 0.0013656      0.0013979
prob[18]       0.805933 0.39549 0.0032292      0.0032293
prob[19]       0.706667 0.45531 0.0037176      0.0037110
prob.new[1]    0.495867 0.50000 0.0040825      0.0040313
prob.new[2]    0.495867 0.50000 0.0040825      0.0039649
prob.new[3]    0.483533 0.49975 0.0040804      0.0041326
prob.new[4]    0.651733 0.47644 0.0038901      0.0039278
prob.new[5]    0.607667 0.48829 0.0039868      0.0040139
prob.new[6]    0.633067 0.48198 0.0039354      0.0039438
prob.new[7]    0.344467 0.47521 0.0038801      0.0038801
prob.new[8]    0.338333 0.47316 0.0038633      0.0039438
prob.new[9]    0.343400 0.47486 0.0038772      0.0037686
prob.new[10]   0.390133 0.48780 0.0039828      0.0039384
prob.new[11]   0.379667 0.48532 0.0039626      0.0040951
prob.new[12]   0.387533 0.48720 0.0039780      0.0039612
prob.new[13]   0.401400 0.49020 0.0040024      0.0039100
prob.new[14]   0.397333 0.48936 0.0039956      0.0039353
prob.new[15]   0.393133 0.48846 0.0039883      0.0039611
prob.new[16]   0.387133 0.48711 0.0039772      0.0041134
prob.new[17]   0.615533 0.48649 0.0039721      0.0039722
prob.new[18]   0.557067 0.49675 0.0040559      0.0040555
prob.new[19]   0.588733 0.49208 0.0040178      0.0040486

2. Quantiles for each variable:

                  2.5%      25%      50%      75%   97.5%
index.new[1]  -1.66779 -0.41179  0.23640  0.90378 2.14909
index.new[2]  -1.59346 -0.39865  0.25552  0.90320 2.14871
index.new[3]  -1.67333 -0.41877  0.25546  0.93650 2.20460
index.new[4]  -1.67631 -0.38349  0.28091  0.94985 2.27471
index.new[5]  -1.71263 -0.39263  0.29558  0.97422 2.27522
index.new[6]  -1.75493 -0.40697  0.28189  0.98671 2.32750
index.new[7]  -2.18917 -0.94425 -0.29175  0.37008 1.56766
index.new[8]  -2.19206 -0.92647 -0.26064  0.37315 1.61516
index.new[9]  -2.16996 -0.91161 -0.24647  0.41148 1.68421
index.new[10] -2.18605 -0.93699 -0.26599  0.41586 1.68368
index.new[11] -2.22719 -0.92046 -0.24696  0.44988 1.78225
index.new[12] -2.30970 -0.93981 -0.23144  0.45420 1.84037
index.new[13] -2.02946 -0.78275 -0.13519  0.52648 1.81113
index.new[14] -2.04213 -0.76428 -0.11644  0.52495 1.74947
index.new[15] -2.09307 -0.75887 -0.10884  0.54076 1.82302
index.new[16] -2.06546 -0.77997 -0.09930  0.56714 1.86500
index.new[17] -2.10682 -0.77060 -0.07666  0.61671 1.93115
index.new[18] -2.09835 -0.76311 -0.06926  0.62587 1.97033
mu.new[1]     -0.03782  0.14771  0.24307  0.33960 0.52179
mu.new[2]     -0.01628  0.15605  0.24772  0.33915 0.51578
mu.new[3]     -0.22747  0.09966  0.26793  0.43771 0.75643
mu.new[4]     -0.28818  0.08795  0.27170  0.45980 0.82383
mu.new[5]     -0.46727  0.02854  0.29071  0.55406 1.05452
mu.new[6]     -0.51980  0.01522  0.29678  0.57651 1.10808
mu.new[7]     -0.55809 -0.37614 -0.28002 -0.17898 0.01011
mu.new[8]     -0.64463 -0.40122 -0.27288 -0.14775 0.10103
mu.new[9]     -0.70928 -0.40357 -0.25256 -0.10015 0.19534
mu.new[10]    -0.82019 -0.44480 -0.24953 -0.05563 0.31719
mu.new[11]    -0.94654 -0.47609 -0.23276  0.01897 0.47889
mu.new[12]    -1.04048 -0.50567 -0.22504  0.05299 0.58309
mu.new[13]    -0.41503 -0.22807 -0.12819 -0.03017 0.15708
mu.new[14]    -0.40493 -0.21691 -0.12263 -0.02905 0.15156
mu.new[15]    -0.60308 -0.27335 -0.10354  0.06864 0.38719
mu.new[16]    -0.64832 -0.28718 -0.10096  0.09087 0.44878
mu.new[17]    -0.80811 -0.33200 -0.07700  0.16979 0.64227
mu.new[18]    -0.87645 -0.35061 -0.07323  0.19577 0.71790
prob[1]        0.00000  0.00000  0.00000  1.00000 1.00000
prob[2]        0.00000  0.00000  0.00000  1.00000 1.00000
prob[3]        0.00000  0.00000  0.00000  1.00000 1.00000
prob[4]        1.00000  1.00000  1.00000  1.00000 1.00000
prob[5]        1.00000  1.00000  1.00000  1.00000 1.00000
prob[6]        0.00000  1.00000  1.00000  1.00000 1.00000
prob[7]        0.00000  0.00000  0.00000  0.00000 1.00000
prob[8]        0.00000  0.00000  0.00000  0.00000 1.00000
prob[9]        0.00000  0.00000  0.00000  0.00000 0.00000
prob[10]       0.00000  0.00000  0.00000  0.00000 1.00000
prob[11]       0.00000  0.00000  0.00000  0.00000 1.00000
prob[12]       0.00000  0.00000  0.00000  0.00000 1.00000
prob[13]       0.00000  0.00000  0.00000  0.00000 1.00000
prob[14]       0.00000  0.00000  0.00000  0.00000 1.00000
prob[15]       0.00000  0.00000  0.00000  0.00000 1.00000
prob[16]       0.00000  0.00000  0.00000  0.00000 1.00000
prob[17]       0.00000  1.00000  1.00000  1.00000 1.00000
prob[18]       0.00000  1.00000  1.00000  1.00000 1.00000
prob[19]       0.00000  0.00000  1.00000  1.00000 1.00000
prob.new[1]    0.00000  0.00000  0.00000  1.00000 1.00000
prob.new[2]    0.00000  0.00000  0.00000  1.00000 1.00000
prob.new[3]    0.00000  0.00000  0.00000  1.00000 1.00000
prob.new[4]    0.00000  0.00000  1.00000  1.00000 1.00000
prob.new[5]    0.00000  0.00000  1.00000  1.00000 1.00000
prob.new[6]    0.00000  0.00000  1.00000  1.00000 1.00000
prob.new[7]    0.00000  0.00000  0.00000  1.00000 1.00000
prob.new[8]    0.00000  0.00000  0.00000  1.00000 1.00000
prob.new[9]    0.00000  0.00000  0.00000  1.00000 1.00000
prob.new[10]   0.00000  0.00000  0.00000  1.00000 1.00000
prob.new[11]   0.00000  0.00000  0.00000  1.00000 1.00000
prob.new[12]   0.00000  0.00000  0.00000  1.00000 1.00000
prob.new[13]   0.00000  0.00000  0.00000  1.00000 1.00000
prob.new[14]   0.00000  0.00000  0.00000  1.00000 1.00000
prob.new[15]   0.00000  0.00000  0.00000  1.00000 1.00000
prob.new[16]   0.00000  0.00000  0.00000  1.00000 1.00000
prob.new[17]   0.00000  0.00000  1.00000  1.00000 1.00000
prob.new[18]   0.00000  0.00000  1.00000  1.00000 1.00000
prob.new[19]   0.00000  0.00000  1.00000  1.00000 1.00000

