
Iterations = 1000025:1125000
Thinning interval = 25 
Number of chains = 3 
Sample size per chain = 5000 

1. Empirical mean and standard deviation for each variable,
   plus standard error of the mean:

             Mean        SD  Naive SE Time-series SE
hr[1]   0.000e+00 0.000e+00 0.000e+00      0.000e+00
hr[2]   6.308e-06 7.104e-06 5.800e-08      5.829e-08
hr[3]   0.000e+00 0.000e+00 0.000e+00      0.000e+00
hr[4]   0.000e+00 0.000e+00 0.000e+00      0.000e+00
hr[5]   1.751e-03 1.928e-03 1.574e-05      1.594e-05
hr[6]   0.000e+00 0.000e+00 0.000e+00      0.000e+00
hr[7]   2.971e-04 3.437e-04 2.806e-06      2.867e-06
hr[8]   0.000e+00 0.000e+00 0.000e+00      0.000e+00
hr[9]   0.000e+00 0.000e+00 0.000e+00      0.000e+00
hr[10]  0.000e+00 0.000e+00 0.000e+00      0.000e+00
hr[11]  0.000e+00 0.000e+00 0.000e+00      0.000e+00
hr[12]  1.422e-05 0.000e+00 0.000e+00      0.000e+00
hr[13]  0.000e+00 0.000e+00 0.000e+00      0.000e+00
hr[14]  2.683e-04 0.000e+00 0.000e+00      0.000e+00
hr[15]  1.187e-04 0.000e+00 0.000e+00      0.000e+00
hr[16]  4.398e-04 0.000e+00 0.000e+00      0.000e+00
hr[17]  4.422e-04 0.000e+00 0.000e+00      0.000e+00
hr[18]  0.000e+00 0.000e+00 0.000e+00      0.000e+00
hr[19]  6.259e-05 0.000e+00 0.000e+00      0.000e+00
hr[20]  0.000e+00 0.000e+00 0.000e+00      0.000e+00
hr[21]  2.863e-04 0.000e+00 0.000e+00      0.000e+00
hr[22]  1.224e-05 0.000e+00 0.000e+00      0.000e+00
hr[23]  0.000e+00 0.000e+00 0.000e+00      0.000e+00
hr[24]  1.396e-05 0.000e+00 0.000e+00      0.000e+00
hr[25]  1.586e-02 0.000e+00 0.000e+00      0.000e+00
hr[26]  1.746e-04 0.000e+00 0.000e+00      0.000e+00
hr[27]  2.694e-03 2.996e-03 2.446e-05      2.446e-05
hr[28]  6.598e-03 7.470e-03 6.099e-05      6.148e-05
hr[29]  4.013e-03 4.458e-03 3.640e-05      3.590e-05
hr[30]  0.000e+00 0.000e+00 0.000e+00      0.000e+00
hr[31]  3.208e-03 0.000e+00 0.000e+00      0.000e+00
hr[32]  3.469e-03 0.000e+00 0.000e+00      0.000e+00
hr[33]  1.362e-02 0.000e+00 0.000e+00      0.000e+00
hr[34]  7.457e-03 0.000e+00 0.000e+00      0.000e+00
hr[35]  4.861e-03 0.000e+00 0.000e+00      0.000e+00
hr[36]  1.092e-04 0.000e+00 0.000e+00      0.000e+00
hr[37]  3.729e-03 0.000e+00 0.000e+00      0.000e+00
hr[38]  9.231e-03 0.000e+00 0.000e+00      0.000e+00
hr[39]  4.557e-04 0.000e+00 0.000e+00      0.000e+00
hr[40]  6.950e-04 0.000e+00 0.000e+00      0.000e+00
hr[41]  9.100e-04 0.000e+00 0.000e+00      0.000e+00
hr[42]  1.071e-04 0.000e+00 0.000e+00      0.000e+00
hr[43]  1.505e-03 0.000e+00 0.000e+00      0.000e+00
hr[44]  1.855e-04 0.000e+00 0.000e+00      0.000e+00
hr[45]  3.108e-05 0.000e+00 0.000e+00      0.000e+00
hr[46]  8.260e-04 9.146e-04 7.468e-06      7.467e-06
hr[47]  2.256e-02 2.539e-02 2.073e-04      2.122e-04
hr[48]  3.024e-02 3.380e-02 2.760e-04      2.760e-04
hr[49]  4.770e-04 5.441e-04 4.443e-06      4.639e-06
hr[50]  0.000e+00 0.000e+00 0.000e+00      0.000e+00
hr[51]  0.000e+00 0.000e+00 0.000e+00      0.000e+00
hr[52]  2.683e-04 0.000e+00 0.000e+00      0.000e+00
hr[53]  1.187e-04 0.000e+00 0.000e+00      0.000e+00
hr[54]  4.398e-04 0.000e+00 0.000e+00      0.000e+00
hr[55]  4.422e-04 0.000e+00 0.000e+00      0.000e+00
hr[56]  0.000e+00 0.000e+00 0.000e+00      0.000e+00
hr[57]  6.259e-05 0.000e+00 0.000e+00      0.000e+00
hr[58]  0.000e+00 0.000e+00 0.000e+00      0.000e+00
hr[59]  2.863e-04 0.000e+00 0.000e+00      0.000e+00
hr[60]  1.224e-05 0.000e+00 0.000e+00      0.000e+00
hr[61]  1.396e-05 0.000e+00 0.000e+00      0.000e+00
hr[62]  1.586e-02 0.000e+00 0.000e+00      0.000e+00
hr[63]  1.746e-04 0.000e+00 0.000e+00      0.000e+00
hr[64]  2.721e-03 3.118e-03 2.546e-05      2.511e-05
hr[65]  6.511e-03 7.071e-03 5.773e-05      5.774e-05
hr[66]  3.469e-03 0.000e+00 0.000e+00      0.000e+00
hr[67]  1.362e-02 0.000e+00 0.000e+00      0.000e+00
hr[68]  7.457e-03 0.000e+00 0.000e+00      0.000e+00
hr[69]  4.861e-03 0.000e+00 0.000e+00      0.000e+00
hr[70]  1.092e-04 0.000e+00 0.000e+00      0.000e+00
hr[71]  3.729e-03 0.000e+00 0.000e+00      0.000e+00
hr[72]  9.231e-03 0.000e+00 0.000e+00      0.000e+00
hr[73]  4.557e-04 0.000e+00 0.000e+00      0.000e+00
hr[74]  6.950e-04 0.000e+00 0.000e+00      0.000e+00
hr[75]  1.071e-04 0.000e+00 0.000e+00      0.000e+00
hr[76]  1.855e-04 0.000e+00 0.000e+00      0.000e+00
hr[77]  3.108e-05 0.000e+00 0.000e+00      0.000e+00
hr[78]  8.303e-04 9.466e-04 7.729e-06      7.544e-06
hr[79]  2.245e-02 2.654e-02 2.167e-04      2.217e-04
hr[80]  2.965e-02 3.244e-02 2.649e-04      2.668e-04
hr[81]  4.888e-04 5.451e-04 4.451e-06      4.694e-06
hr[82]  0.000e+00 0.000e+00 0.000e+00      0.000e+00
hr[83]  0.000e+00 0.000e+00 0.000e+00      0.000e+00
hr[84]  6.386e-06 7.163e-06 5.849e-08      5.849e-08
hr[85]  1.138e-04 1.302e-04 1.063e-06      1.063e-06
hr[86]  3.842e-05 4.227e-05 3.452e-07      3.457e-07
hr[87]  0.000e+00 0.000e+00 0.000e+00      0.000e+00
hr[88]  0.000e+00 0.000e+00 0.000e+00      0.000e+00
hr[89]  1.766e-03 1.944e-03 1.588e-05      1.577e-05
hr[90]  0.000e+00 0.000e+00 0.000e+00      0.000e+00
hr[91]  2.972e-04 3.386e-04 2.764e-06      2.765e-06
hr[92]  0.000e+00 0.000e+00 0.000e+00      0.000e+00
hr[93]  0.000e+00 0.000e+00 0.000e+00      0.000e+00
hr[94]  0.000e+00 0.000e+00 0.000e+00      0.000e+00
hr[95]  0.000e+00 0.000e+00 0.000e+00      0.000e+00
hr[96]  1.422e-05 0.000e+00 0.000e+00      0.000e+00
hr[97]  0.000e+00 0.000e+00 0.000e+00      0.000e+00
hr[98]  2.683e-04 0.000e+00 0.000e+00      0.000e+00
hr[99]  1.187e-04 0.000e+00 0.000e+00      0.000e+00
hr[100] 4.398e-04 0.000e+00 0.000e+00      0.000e+00
hr[101] 4.422e-04 0.000e+00 0.000e+00      0.000e+00
hr[102] 0.000e+00 0.000e+00 0.000e+00      0.000e+00
hr[103] 6.259e-05 0.000e+00 0.000e+00      0.000e+00
hr[104] 0.000e+00 0.000e+00 0.000e+00      0.000e+00
hr[105] 2.863e-04 0.000e+00 0.000e+00      0.000e+00
hr[106] 1.224e-05 0.000e+00 0.000e+00      0.000e+00
hr[107] 0.000e+00 0.000e+00 0.000e+00      0.000e+00
hr[108] 1.396e-05 0.000e+00 0.000e+00      0.000e+00
hr[109] 1.586e-02 0.000e+00 0.000e+00      0.000e+00
hr[110] 1.746e-04 0.000e+00 0.000e+00      0.000e+00
hr[111] 2.681e-03 2.969e-03 2.424e-05      2.424e-05
hr[112] 6.634e-03 7.719e-03 6.302e-05      6.329e-05
hr[113] 2.951e-04 3.294e-04 2.690e-06      2.782e-06
hr[114] 0.000e+00 0.000e+00 0.000e+00      0.000e+00
hr[115] 0.000e+00 0.000e+00 0.000e+00      0.000e+00
hr[116] 0.000e+00 0.000e+00 0.000e+00      0.000e+00
hr[117] 0.000e+00 0.000e+00 0.000e+00      0.000e+00
hr[118] 1.422e-05 0.000e+00 0.000e+00      0.000e+00
hr[119] 0.000e+00 0.000e+00 0.000e+00      0.000e+00
hr[120] 2.683e-04 0.000e+00 0.000e+00      0.000e+00
hr[121] 1.187e-04 0.000e+00 0.000e+00      0.000e+00
hr[122] 4.398e-04 0.000e+00 0.000e+00      0.000e+00
hr[123] 4.422e-04 0.000e+00 0.000e+00      0.000e+00
hr[124] 0.000e+00 0.000e+00 0.000e+00      0.000e+00
hr[125] 6.259e-05 0.000e+00 0.000e+00      0.000e+00
hr[126] 0.000e+00 0.000e+00 0.000e+00      0.000e+00
hr[127] 2.863e-04 0.000e+00 0.000e+00      0.000e+00
hr[128] 1.224e-05 0.000e+00 0.000e+00      0.000e+00
hr[129] 0.000e+00 0.000e+00 0.000e+00      0.000e+00
hr[130] 1.396e-05 0.000e+00 0.000e+00      0.000e+00
hr[131] 1.586e-02 0.000e+00 0.000e+00      0.000e+00
hr[132] 1.746e-04 0.000e+00 0.000e+00      0.000e+00
hr[133] 2.699e-03 3.033e-03 2.476e-05      2.476e-05
hr[134] 6.612e-03 7.690e-03 6.279e-05      6.227e-05
hr[135] 3.469e-03 0.000e+00 0.000e+00      0.000e+00
hr[136] 1.362e-02 0.000e+00 0.000e+00      0.000e+00
hr[137] 7.457e-03 0.000e+00 0.000e+00      0.000e+00
hr[138] 4.861e-03 0.000e+00 0.000e+00      0.000e+00
hr[139] 1.092e-04 0.000e+00 0.000e+00      0.000e+00
hr[140] 3.729e-03 0.000e+00 0.000e+00      0.000e+00
hr[141] 9.231e-03 0.000e+00 0.000e+00      0.000e+00
hr[142] 4.557e-04 0.000e+00 0.000e+00      0.000e+00
hr[143] 6.950e-04 0.000e+00 0.000e+00      0.000e+00
hr[144] 9.100e-04 0.000e+00 0.000e+00      0.000e+00
hr[145] 1.071e-04 0.000e+00 0.000e+00      0.000e+00
hr[146] 1.505e-03 0.000e+00 0.000e+00      0.000e+00
hr[147] 1.855e-04 0.000e+00 0.000e+00      0.000e+00
hr[148] 3.108e-05 0.000e+00 0.000e+00      0.000e+00
hr[149] 8.270e-04 9.209e-04 7.519e-06      7.498e-06
hr[150] 2.288e-02 2.653e-02 2.166e-04      2.274e-04
hr[151] 3.107e-02 3.525e-02 2.878e-04      2.898e-04
hr[152] 4.845e-04 5.456e-04 4.455e-06      4.455e-06
hr[153] 0.000e+00 0.000e+00 0.000e+00      0.000e+00
hr[154] 1.362e-02 0.000e+00 0.000e+00      0.000e+00
hr[155] 7.457e-03 0.000e+00 0.000e+00      0.000e+00
hr[156] 4.861e-03 0.000e+00 0.000e+00      0.000e+00
hr[157] 1.092e-04 0.000e+00 0.000e+00      0.000e+00
hr[158] 3.729e-03 0.000e+00 0.000e+00      0.000e+00
hr[159] 9.231e-03 0.000e+00 0.000e+00      0.000e+00
hr[160] 4.557e-04 0.000e+00 0.000e+00      0.000e+00
hr[161] 6.950e-04 0.000e+00 0.000e+00      0.000e+00
hr[162] 9.100e-04 0.000e+00 0.000e+00      0.000e+00
hr[163] 1.071e-04 0.000e+00 0.000e+00      0.000e+00
hr[164] 1.505e-03 0.000e+00 0.000e+00      0.000e+00
hr[165] 1.855e-04 0.000e+00 0.000e+00      0.000e+00
hr[166] 3.108e-05 0.000e+00 0.000e+00      0.000e+00
hr[167] 8.215e-04 9.362e-04 7.644e-06      7.709e-06
hr[168] 2.243e-02 2.523e-02 2.060e-04      2.106e-04
hr[169] 3.000e-02 3.409e-02 2.783e-04      2.783e-04
hr[170] 4.893e-04 5.568e-04 4.546e-06      4.487e-06
hr[171] 0.000e+00 0.000e+00 0.000e+00      0.000e+00
hr[172] 0.000e+00 0.000e+00 0.000e+00      0.000e+00
hr[173] 2.863e-04 0.000e+00 0.000e+00      0.000e+00
hr[174] 1.224e-05 0.000e+00 0.000e+00      0.000e+00
hr[175] 0.000e+00 0.000e+00 0.000e+00      0.000e+00
hr[176] 1.586e-02 0.000e+00 0.000e+00      0.000e+00
hr[177] 1.746e-04 0.000e+00 0.000e+00      0.000e+00
hr[178] 2.706e-03 3.016e-03 2.463e-05      2.455e-05
hr[179] 9.653e-03 1.068e-02 8.718e-05      8.516e-05
hr[180] 3.469e-03 0.000e+00 0.000e+00      0.000e+00
hr[181] 1.362e-02 0.000e+00 0.000e+00      0.000e+00
hr[182] 7.457e-03 0.000e+00 0.000e+00      0.000e+00
hr[183] 4.861e-03 0.000e+00 0.000e+00      0.000e+00
hr[184] 1.092e-04 0.000e+00 0.000e+00      0.000e+00
hr[185] 3.729e-03 0.000e+00 0.000e+00      0.000e+00
hr[186] 9.231e-03 0.000e+00 0.000e+00      0.000e+00
hr[187] 4.557e-04 0.000e+00 0.000e+00      0.000e+00
hr[188] 6.950e-04 0.000e+00 0.000e+00      0.000e+00
hr[189] 9.100e-04 0.000e+00 0.000e+00      0.000e+00
hr[190] 1.071e-04 0.000e+00 0.000e+00      0.000e+00
hr[191] 1.505e-03 0.000e+00 0.000e+00      0.000e+00
hr[192] 1.855e-04 0.000e+00 0.000e+00      0.000e+00
hr[193] 3.108e-05 0.000e+00 0.000e+00      0.000e+00
hr[194] 8.248e-04 9.773e-04 7.980e-06      7.980e-06
hr[195] 2.212e-02 2.437e-02 1.990e-04      1.971e-04
hr[196] 3.131e-02 3.702e-02 3.023e-04      3.023e-04
hr[197] 4.824e-04 5.597e-04 4.570e-06      4.467e-06
hr[198] 0.000e+00 0.000e+00 0.000e+00      0.000e+00
hr[199] 1.746e-04 0.000e+00 0.000e+00      0.000e+00
hr[200] 2.714e-03 3.120e-03 2.548e-05      2.548e-05
hr[201] 9.923e-03 1.160e-02 9.470e-05      9.662e-05
hr[202] 4.095e-03 4.741e-03 3.871e-05      3.875e-05
hr[203] 0.000e+00 0.000e+00 0.000e+00      0.000e+00
hr[204] 8.171e-04 9.111e-04 7.439e-06      7.640e-06
hr[205] 2.322e-02 2.756e-02 2.250e-04      2.250e-04
hr[206] 3.073e-02 3.581e-02 2.924e-04      2.941e-04
hr[207] 4.833e-04 5.416e-04 4.422e-06      4.576e-06
hr[208] 0.000e+00 0.000e+00 0.000e+00      0.000e+00
hr[209] 2.737e-01 0.000e+00 0.000e+00      0.000e+00
hr[210] 2.068e-01 0.000e+00 0.000e+00      0.000e+00
hr[211] 1.201e+00 0.000e+00 0.000e+00      0.000e+00
hr[212] 5.501e-02 0.000e+00 0.000e+00      0.000e+00
hr[213] 1.518e-02 0.000e+00 0.000e+00      0.000e+00
hr[214] 3.476e-01 0.000e+00 0.000e+00      0.000e+00
hr[215] 2.737e-01 0.000e+00 0.000e+00      0.000e+00
hr[216] 2.068e-01 0.000e+00 0.000e+00      0.000e+00
hr[217] 1.201e+00 0.000e+00 0.000e+00      0.000e+00

2. Quantiles for each variable:

             2.5%       25%       50%       75%     97.5%
hr[1]   0.000e+00 0.000e+00 0.000e+00 0.000e+00 0.000e+00
hr[2]   7.052e-07 2.260e-06 4.191e-06 7.686e-06 2.469e-05
hr[3]   0.000e+00 0.000e+00 0.000e+00 0.000e+00 0.000e+00
hr[4]   0.000e+00 0.000e+00 0.000e+00 0.000e+00 0.000e+00
hr[5]   2.024e-04 6.475e-04 1.170e-03 2.142e-03 6.728e-03
hr[6]   0.000e+00 0.000e+00 0.000e+00 0.000e+00 0.000e+00
hr[7]   3.230e-05 1.055e-04 1.940e-04 3.577e-04 1.186e-03
hr[8]   0.000e+00 0.000e+00 0.000e+00 0.000e+00 0.000e+00
hr[9]   0.000e+00 0.000e+00 0.000e+00 0.000e+00 0.000e+00
hr[10]  0.000e+00 0.000e+00 0.000e+00 0.000e+00 0.000e+00
hr[11]  0.000e+00 0.000e+00 0.000e+00 0.000e+00 0.000e+00
hr[12]  1.422e-05 1.422e-05 1.422e-05 1.422e-05 1.422e-05
hr[13]  0.000e+00 0.000e+00 0.000e+00 0.000e+00 0.000e+00
hr[14]  2.683e-04 2.683e-04 2.683e-04 2.683e-04 2.683e-04
hr[15]  1.187e-04 1.187e-04 1.187e-04 1.187e-04 1.187e-04
hr[16]  4.398e-04 4.398e-04 4.398e-04 4.398e-04 4.398e-04
hr[17]  4.422e-04 4.422e-04 4.422e-04 4.422e-04 4.422e-04
hr[18]  0.000e+00 0.000e+00 0.000e+00 0.000e+00 0.000e+00
hr[19]  6.259e-05 6.259e-05 6.259e-05 6.259e-05 6.259e-05
hr[20]  0.000e+00 0.000e+00 0.000e+00 0.000e+00 0.000e+00
hr[21]  2.863e-04 2.863e-04 2.863e-04 2.863e-04 2.863e-04
hr[22]  1.224e-05 1.224e-05 1.224e-05 1.224e-05 1.224e-05
hr[23]  0.000e+00 0.000e+00 0.000e+00 0.000e+00 0.000e+00
hr[24]  1.396e-05 1.396e-05 1.396e-05 1.396e-05 1.396e-05
hr[25]  1.586e-02 1.586e-02 1.586e-02 1.586e-02 1.586e-02
hr[26]  1.746e-04 1.746e-04 1.746e-04 1.746e-04 1.746e-04
hr[27]  3.057e-04 9.807e-04 1.785e-03 3.262e-03 1.065e-02
hr[28]  7.376e-04 2.393e-03 4.383e-03 7.971e-03 2.575e-02
hr[29]  4.423e-04 1.458e-03 2.683e-03 4.906e-03 1.576e-02
hr[30]  0.000e+00 0.000e+00 0.000e+00 0.000e+00 0.000e+00
hr[31]  3.208e-03 3.208e-03 3.208e-03 3.208e-03 3.208e-03
hr[32]  3.469e-03 3.469e-03 3.469e-03 3.469e-03 3.469e-03
hr[33]  1.362e-02 1.362e-02 1.362e-02 1.362e-02 1.362e-02
hr[34]  7.457e-03 7.457e-03 7.457e-03 7.457e-03 7.457e-03
hr[35]  4.861e-03 4.861e-03 4.861e-03 4.861e-03 4.861e-03
hr[36]  1.092e-04 1.092e-04 1.092e-04 1.092e-04 1.092e-04
hr[37]  3.729e-03 3.729e-03 3.729e-03 3.729e-03 3.729e-03
hr[38]  9.231e-03 9.231e-03 9.231e-03 9.231e-03 9.231e-03
hr[39]  4.557e-04 4.557e-04 4.557e-04 4.557e-04 4.557e-04
hr[40]  6.950e-04 6.950e-04 6.950e-04 6.950e-04 6.950e-04
hr[41]  9.100e-04 9.100e-04 9.100e-04 9.100e-04 9.100e-04
hr[42]  1.071e-04 1.071e-04 1.071e-04 1.071e-04 1.071e-04
hr[43]  1.505e-03 1.505e-03 1.505e-03 1.505e-03 1.505e-03
hr[44]  1.855e-04 1.855e-04 1.855e-04 1.855e-04 1.855e-04
hr[45]  3.108e-05 3.108e-05 3.108e-05 3.108e-05 3.108e-05
hr[46]  9.102e-05 2.998e-04 5.513e-04 1.009e-03 3.274e-03
hr[47]  2.434e-03 8.119e-03 1.513e-02 2.762e-02 8.747e-02
hr[48]  3.468e-03 1.100e-02 2.007e-02 3.689e-02 1.174e-01
hr[49]  5.472e-05 1.735e-04 3.142e-04 5.755e-04 1.912e-03
hr[50]  0.000e+00 0.000e+00 0.000e+00 0.000e+00 0.000e+00
hr[51]  0.000e+00 0.000e+00 0.000e+00 0.000e+00 0.000e+00
hr[52]  2.683e-04 2.683e-04 2.683e-04 2.683e-04 2.683e-04
hr[53]  1.187e-04 1.187e-04 1.187e-04 1.187e-04 1.187e-04
hr[54]  4.398e-04 4.398e-04 4.398e-04 4.398e-04 4.398e-04
hr[55]  4.422e-04 4.422e-04 4.422e-04 4.422e-04 4.422e-04
hr[56]  0.000e+00 0.000e+00 0.000e+00 0.000e+00 0.000e+00
hr[57]  6.259e-05 6.259e-05 6.259e-05 6.259e-05 6.259e-05
hr[58]  0.000e+00 0.000e+00 0.000e+00 0.000e+00 0.000e+00
hr[59]  2.863e-04 2.863e-04 2.863e-04 2.863e-04 2.863e-04
hr[60]  1.224e-05 1.224e-05 1.224e-05 1.224e-05 1.224e-05
hr[61]  1.396e-05 1.396e-05 1.396e-05 1.396e-05 1.396e-05
hr[62]  1.586e-02 1.586e-02 1.586e-02 1.586e-02 1.586e-02
hr[63]  1.746e-04 1.746e-04 1.746e-04 1.746e-04 1.746e-04
hr[64]  2.999e-04 9.924e-04 1.817e-03 3.314e-03 1.061e-02
hr[65]  7.460e-04 2.394e-03 4.372e-03 8.067e-03 2.516e-02
hr[66]  3.469e-03 3.469e-03 3.469e-03 3.469e-03 3.469e-03
hr[67]  1.362e-02 1.362e-02 1.362e-02 1.362e-02 1.362e-02
hr[68]  7.457e-03 7.457e-03 7.457e-03 7.457e-03 7.457e-03
hr[69]  4.861e-03 4.861e-03 4.861e-03 4.861e-03 4.861e-03
hr[70]  1.092e-04 1.092e-04 1.092e-04 1.092e-04 1.092e-04
hr[71]  3.729e-03 3.729e-03 3.729e-03 3.729e-03 3.729e-03
hr[72]  9.231e-03 9.231e-03 9.231e-03 9.231e-03 9.231e-03
hr[73]  4.557e-04 4.557e-04 4.557e-04 4.557e-04 4.557e-04
hr[74]  6.950e-04 6.950e-04 6.950e-04 6.950e-04 6.950e-04
hr[75]  1.071e-04 1.071e-04 1.071e-04 1.071e-04 1.071e-04
hr[76]  1.855e-04 1.855e-04 1.855e-04 1.855e-04 1.855e-04
hr[77]  3.108e-05 3.108e-05 3.108e-05 3.108e-05 3.108e-05
hr[78]  9.255e-05 2.975e-04 5.477e-04 1.019e-03 3.286e-03
hr[79]  2.385e-03 8.077e-03 1.486e-02 2.726e-02 8.784e-02
hr[80]  3.448e-03 1.078e-02 1.972e-02 3.649e-02 1.150e-01
hr[81]  5.847e-05 1.781e-04 3.224e-04 5.977e-04 1.939e-03
hr[82]  0.000e+00 0.000e+00 0.000e+00 0.000e+00 0.000e+00
hr[83]  0.000e+00 0.000e+00 0.000e+00 0.000e+00 0.000e+00
hr[84]  7.093e-07 2.310e-06 4.230e-06 7.846e-06 2.511e-05
hr[85]  1.250e-05 4.141e-05 7.582e-05 1.376e-04 4.500e-04
hr[86]  4.265e-06 1.358e-05 2.547e-05 4.678e-05 1.534e-04
hr[87]  0.000e+00 0.000e+00 0.000e+00 0.000e+00 0.000e+00
hr[88]  0.000e+00 0.000e+00 0.000e+00 0.000e+00 0.000e+00
hr[89]  2.094e-04 6.628e-04 1.184e-03 2.160e-03 6.709e-03
hr[90]  0.000e+00 0.000e+00 0.000e+00 0.000e+00 0.000e+00
hr[91]  3.381e-05 1.065e-04 1.967e-04 3.610e-04 1.161e-03
hr[92]  0.000e+00 0.000e+00 0.000e+00 0.000e+00 0.000e+00
hr[93]  0.000e+00 0.000e+00 0.000e+00 0.000e+00 0.000e+00
hr[94]  0.000e+00 0.000e+00 0.000e+00 0.000e+00 0.000e+00
hr[95]  0.000e+00 0.000e+00 0.000e+00 0.000e+00 0.000e+00
hr[96]  1.422e-05 1.422e-05 1.422e-05 1.422e-05 1.422e-05
hr[97]  0.000e+00 0.000e+00 0.000e+00 0.000e+00 0.000e+00
hr[98]  2.683e-04 2.683e-04 2.683e-04 2.683e-04 2.683e-04
hr[99]  1.187e-04 1.187e-04 1.187e-04 1.187e-04 1.187e-04
hr[100] 4.398e-04 4.398e-04 4.398e-04 4.398e-04 4.398e-04
hr[101] 4.422e-04 4.422e-04 4.422e-04 4.422e-04 4.422e-04
hr[102] 0.000e+00 0.000e+00 0.000e+00 0.000e+00 0.000e+00
hr[103] 6.259e-05 6.259e-05 6.259e-05 6.259e-05 6.259e-05
hr[104] 0.000e+00 0.000e+00 0.000e+00 0.000e+00 0.000e+00
hr[105] 2.863e-04 2.863e-04 2.863e-04 2.863e-04 2.863e-04
hr[106] 1.224e-05 1.224e-05 1.224e-05 1.224e-05 1.224e-05
hr[107] 0.000e+00 0.000e+00 0.000e+00 0.000e+00 0.000e+00
hr[108] 1.396e-05 1.396e-05 1.396e-05 1.396e-05 1.396e-05
hr[109] 1.586e-02 1.586e-02 1.586e-02 1.586e-02 1.586e-02
hr[110] 1.746e-04 1.746e-04 1.746e-04 1.746e-04 1.746e-04
hr[111] 3.102e-04 9.846e-04 1.783e-03 3.295e-03 1.057e-02
hr[112] 7.509e-04 2.365e-03 4.388e-03 8.059e-03 2.624e-02
hr[113] 3.278e-05 1.064e-04 1.965e-04 3.614e-04 1.183e-03
hr[114] 0.000e+00 0.000e+00 0.000e+00 0.000e+00 0.000e+00
hr[115] 0.000e+00 0.000e+00 0.000e+00 0.000e+00 0.000e+00
hr[116] 0.000e+00 0.000e+00 0.000e+00 0.000e+00 0.000e+00
hr[117] 0.000e+00 0.000e+00 0.000e+00 0.000e+00 0.000e+00
hr[118] 1.422e-05 1.422e-05 1.422e-05 1.422e-05 1.422e-05
hr[119] 0.000e+00 0.000e+00 0.000e+00 0.000e+00 0.000e+00
hr[120] 2.683e-04 2.683e-04 2.683e-04 2.683e-04 2.683e-04
hr[121] 1.187e-04 1.187e-04 1.187e-04 1.187e-04 1.187e-04
hr[122] 4.398e-04 4.398e-04 4.398e-04 4.398e-04 4.398e-04
hr[123] 4.422e-04 4.422e-04 4.422e-04 4.422e-04 4.422e-04
hr[124] 0.000e+00 0.000e+00 0.000e+00 0.000e+00 0.000e+00
hr[125] 6.259e-05 6.259e-05 6.259e-05 6.259e-05 6.259e-05
hr[126] 0.000e+00 0.000e+00 0.000e+00 0.000e+00 0.000e+00
hr[127] 2.863e-04 2.863e-04 2.863e-04 2.863e-04 2.863e-04
hr[128] 1.224e-05 1.224e-05 1.224e-05 1.224e-05 1.224e-05
hr[129] 0.000e+00 0.000e+00 0.000e+00 0.000e+00 0.000e+00
hr[130] 1.396e-05 1.396e-05 1.396e-05 1.396e-05 1.396e-05
hr[131] 1.586e-02 1.586e-02 1.586e-02 1.586e-02 1.586e-02
hr[132] 1.746e-04 1.746e-04 1.746e-04 1.746e-04 1.746e-04
hr[133] 3.152e-04 1.002e-03 1.809e-03 3.277e-03 1.068e-02
hr[134] 7.517e-04 2.377e-03 4.396e-03 8.017e-03 2.602e-02
hr[135] 3.469e-03 3.469e-03 3.469e-03 3.469e-03 3.469e-03
hr[136] 1.362e-02 1.362e-02 1.362e-02 1.362e-02 1.362e-02
hr[137] 7.457e-03 7.457e-03 7.457e-03 7.457e-03 7.457e-03
hr[138] 4.861e-03 4.861e-03 4.861e-03 4.861e-03 4.861e-03
hr[139] 1.092e-04 1.092e-04 1.092e-04 1.092e-04 1.092e-04
hr[140] 3.729e-03 3.729e-03 3.729e-03 3.729e-03 3.729e-03
hr[141] 9.231e-03 9.231e-03 9.231e-03 9.231e-03 9.231e-03
hr[142] 4.557e-04 4.557e-04 4.557e-04 4.557e-04 4.557e-04
hr[143] 6.950e-04 6.950e-04 6.950e-04 6.950e-04 6.950e-04
hr[144] 9.100e-04 9.100e-04 9.100e-04 9.100e-04 9.100e-04
hr[145] 1.071e-04 1.071e-04 1.071e-04 1.071e-04 1.071e-04
hr[146] 1.505e-03 1.505e-03 1.505e-03 1.505e-03 1.505e-03
hr[147] 1.855e-04 1.855e-04 1.855e-04 1.855e-04 1.855e-04
hr[148] 3.108e-05 3.108e-05 3.108e-05 3.108e-05 3.108e-05
hr[149] 9.151e-05 2.988e-04 5.475e-04 1.013e-03 3.261e-03
hr[150] 2.618e-03 8.237e-03 1.519e-02 2.753e-02 9.110e-02
hr[151] 3.333e-03 1.098e-02 2.022e-02 3.748e-02 1.308e-01
hr[152] 5.551e-05 1.787e-04 3.232e-04 5.933e-04 1.826e-03
hr[153] 0.000e+00 0.000e+00 0.000e+00 0.000e+00 0.000e+00
hr[154] 1.362e-02 1.362e-02 1.362e-02 1.362e-02 1.362e-02
hr[155] 7.457e-03 7.457e-03 7.457e-03 7.457e-03 7.457e-03
hr[156] 4.861e-03 4.861e-03 4.861e-03 4.861e-03 4.861e-03
hr[157] 1.092e-04 1.092e-04 1.092e-04 1.092e-04 1.092e-04
hr[158] 3.729e-03 3.729e-03 3.729e-03 3.729e-03 3.729e-03
hr[159] 9.231e-03 9.231e-03 9.231e-03 9.231e-03 9.231e-03
hr[160] 4.557e-04 4.557e-04 4.557e-04 4.557e-04 4.557e-04
hr[161] 6.950e-04 6.950e-04 6.950e-04 6.950e-04 6.950e-04
hr[162] 9.100e-04 9.100e-04 9.100e-04 9.100e-04 9.100e-04
hr[163] 1.071e-04 1.071e-04 1.071e-04 1.071e-04 1.071e-04
hr[164] 1.505e-03 1.505e-03 1.505e-03 1.505e-03 1.505e-03
hr[165] 1.855e-04 1.855e-04 1.855e-04 1.855e-04 1.855e-04
hr[166] 3.108e-05 3.108e-05 3.108e-05 3.108e-05 3.108e-05
hr[167] 9.468e-05 2.992e-04 5.490e-04 1.000e-03 3.129e-03
hr[168] 2.598e-03 8.212e-03 1.505e-02 2.727e-02 8.655e-02
hr[169] 3.366e-03 1.089e-02 2.000e-02 3.689e-02 1.146e-01
hr[170] 5.492e-05 1.754e-04 3.234e-04 5.927e-04 1.927e-03
hr[171] 0.000e+00 0.000e+00 0.000e+00 0.000e+00 0.000e+00
hr[172] 0.000e+00 0.000e+00 0.000e+00 0.000e+00 0.000e+00
hr[173] 2.863e-04 2.863e-04 2.863e-04 2.863e-04 2.863e-04
hr[174] 1.224e-05 1.224e-05 1.224e-05 1.224e-05 1.224e-05
hr[175] 0.000e+00 0.000e+00 0.000e+00 0.000e+00 0.000e+00
hr[176] 1.586e-02 1.586e-02 1.586e-02 1.586e-02 1.586e-02
hr[177] 1.746e-04 1.746e-04 1.746e-04 1.746e-04 1.746e-04
hr[178] 3.225e-04 9.877e-04 1.809e-03 3.300e-03 1.038e-02
hr[179] 1.107e-03 3.540e-03 6.404e-03 1.179e-02 3.776e-02
hr[180] 3.469e-03 3.469e-03 3.469e-03 3.469e-03 3.469e-03
hr[181] 1.362e-02 1.362e-02 1.362e-02 1.362e-02 1.362e-02
hr[182] 7.457e-03 7.457e-03 7.457e-03 7.457e-03 7.457e-03
hr[183] 4.861e-03 4.861e-03 4.861e-03 4.861e-03 4.861e-03
hr[184] 1.092e-04 1.092e-04 1.092e-04 1.092e-04 1.092e-04
hr[185] 3.729e-03 3.729e-03 3.729e-03 3.729e-03 3.729e-03
hr[186] 9.231e-03 9.231e-03 9.231e-03 9.231e-03 9.231e-03
hr[187] 4.557e-04 4.557e-04 4.557e-04 4.557e-04 4.557e-04
hr[188] 6.950e-04 6.950e-04 6.950e-04 6.950e-04 6.950e-04
hr[189] 9.100e-04 9.100e-04 9.100e-04 9.100e-04 9.100e-04
hr[190] 1.071e-04 1.071e-04 1.071e-04 1.071e-04 1.071e-04
hr[191] 1.505e-03 1.505e-03 1.505e-03 1.505e-03 1.505e-03
hr[192] 1.855e-04 1.855e-04 1.855e-04 1.855e-04 1.855e-04
hr[193] 3.108e-05 3.108e-05 3.108e-05 3.108e-05 3.108e-05
hr[194] 9.485e-05 3.012e-04 5.456e-04 1.001e-03 3.209e-03
hr[195] 2.466e-03 7.951e-03 1.486e-02 2.725e-02 8.672e-02
hr[196] 3.348e-03 1.083e-02 2.020e-02 3.742e-02 1.280e-01
hr[197] 5.301e-05 1.735e-04 3.216e-04 5.912e-04 1.878e-03
hr[198] 0.000e+00 0.000e+00 0.000e+00 0.000e+00 0.000e+00
hr[199] 1.746e-04 1.746e-04 1.746e-04 1.746e-04 1.746e-04
hr[200] 3.141e-04 9.843e-04 1.819e-03 3.287e-03 1.068e-02
 [ reached 'max' / getOption("max.print") -- omitted 17 rows ]

