[[1]]
Markov Chain Monte Carlo (MCMC) output:
Start = 750025 
End = 875000 
Thinning interval = 25 
              beta[1]       beta[2]       beta[3]       beta[4]       beta[5]       beta[6] mulogsummer[1,1] mulogsummer[2,1]
   [1,] -1.383972e-01 -9.821716e-02  6.848139e-02 -1.112734e-01 -1.777467e-01 -1.426608e-01         12.98721         13.30254
   [2,] -1.130508e-01 -8.759985e-02 -2.059953e-01  1.592420e-01 -2.217690e-01 -1.181018e-01         12.79180         13.32805
   [3,] -1.371214e-01 -5.158600e-04 -9.516520e-02  8.712490e-03 -1.111238e-01 -2.580801e-01         13.12108         13.20255
   [4,]  7.144440e-02 -7.337287e-02 -2.133771e-01  2.708687e-01 -2.483370e-01 -6.588824e-02         12.84608         12.95489
   [5,]  9.196692e-02  4.319099e-02 -4.490701e-01  5.006707e-01 -5.455216e-02 -1.354268e-01         13.04920         13.07765
   [6,]  3.893379e-02 -2.089479e-01 -1.686318e-01  2.121824e-01 -2.577400e-01 -3.856876e-02         13.02429         13.35927
   [7,] -1.004113e-01 -5.748134e-02  1.304292e-01 -2.346691e-01 -3.830576e-01 -1.992280e-02         13.00590         13.11879
   [8,]  2.270402e-01 -9.026071e-03 -1.489419e-01  4.425301e-01 -1.369874e-01 -1.173418e-01         12.96549         13.28270
   [9,] -2.435807e-02 -1.974090e-02  1.214803e-01 -1.272757e-01 -3.005598e-01  4.575213e-02         13.31047         13.37562
  [10,] -1.064230e-01 -3.233486e-02  1.885146e-01 -1.159269e-01 -2.364417e-01 -1.146563e-01         13.06948         13.33088
  [11,] -1.083743e-01 -9.107673e-02  1.811163e-01 -1.439490e-01 -2.017929e-01 -4.460272e-02         12.98037         12.86868
  [12,] -5.380277e-02 -9.774125e-02 -1.184797e-03 -8.423851e-02 -3.296606e-01  6.317371e-03         13.05631         13.20372
  [13,] -1.176444e-01  2.972318e-02 -3.078107e-01  2.687427e-01 -2.116823e-01 -5.190457e-02         13.14370         13.34967
  [14,]  5.383745e-02  3.432332e-02 -1.807506e-01  2.416554e-01 -3.812764e-01  2.943797e-02         12.96017         13.59152
  [15,] -3.082909e-01  1.421679e-02 -2.913407e-01  1.070227e-01 -1.472863e-01  3.001600e-02         12.89542         13.23644
  [16,]  3.492207e-02  5.896673e-02  2.237307e-01 -3.976272e-02 -7.811600e-02 -8.279923e-02         12.72003         13.30875
  [17,] -1.330515e-01 -1.334694e-01 -2.497887e-01  1.425030e-01 -2.386458e-01 -1.370015e-01         13.08860         13.23907
  [18,] -1.600503e-01 -1.901548e-01 -2.079619e-02  4.399133e-02 -3.352271e-01  6.335902e-02         12.97278         13.35852
  [19,] -5.404869e-02  5.966765e-02  4.725326e-02 -1.414123e-01 -2.503573e-01 -3.128641e-02         13.20091         13.28746
  [20,] -3.839080e-02  7.176543e-02  4.926079e-01 -5.057242e-01 -1.449556e-01 -1.916041e-01         12.80160         13.56534
  [21,] -3.727210e-02  6.191574e-02  1.054351e-01 -9.436742e-02 -1.872145e-01 -1.043891e-01         13.01549         13.50417
  [22,]  1.972707e-03  3.639818e-02 -1.521640e-01  2.298782e-01 -1.726015e-01 -9.281882e-02         13.01061         13.25192
  [23,] -4.895048e-02  1.301875e-01  2.252348e-01 -1.920878e-01 -2.178737e-01 -7.851587e-02         13.11031         13.18384
  [24,]  6.907430e-02  4.818540e-02  1.610414e-01  2.599041e-02 -1.494022e-01 -2.673508e-01         13.07958         13.16582
  [25,]  4.516397e-02 -8.873727e-02  2.603390e-01  2.805258e-02 -3.069115e-01 -3.482733e-02         13.12964         13.36949
  [26,] -1.121800e-01  1.733553e-02 -3.065582e-01  1.653872e-01 -1.780677e-01 -8.256531e-02         13.24081         13.35810
  [27,] -1.554307e-01  2.193623e-02  6.734651e-02 -1.651118e-01 -1.696333e-01 -2.618766e-02         12.93717         13.30746
  [28,]  1.020058e-02  1.138049e-01 -4.583621e-02  1.429494e-03 -5.376190e-02 -7.340759e-02         12.93798         13.31196
  [29,]  5.186063e-02  9.176466e-02 -5.692108e-02  1.537074e-01 -2.064429e-01 -9.079767e-02         12.88252         13.14770
  [30,]  7.037309e-02 -3.829743e-02 -2.171845e-01  3.367373e-01 -3.302343e-01 -5.253574e-02         13.11295         13.05176
  [31,] -5.039330e-02 -1.846855e-01 -6.730287e-02 -4.226133e-02 -2.456094e-01  1.435899e-02         13.25608         13.33406
  [32,]  7.581963e-02  2.524359e-02  3.717119e-02  1.832641e-01 -1.716579e-01  4.721174e-02         13.12837         13.07875
  [33,] -1.124411e-01 -1.495447e-01  6.105470e-02 -4.558657e-02 -1.802786e-01 -2.719976e-02         12.88374         13.23534
  [34,]  4.617482e-02  7.620790e-02  9.285912e-02 -1.200852e-02 -1.914375e-01 -2.175181e-01         13.13896         13.39821
  [35,]  1.238102e-01  9.085790e-02 -1.108347e-01  2.075126e-01 -2.657843e-01 -1.732889e-01         12.99586         13.45646
  [36,]  7.825091e-02 -2.561522e-02 -1.158378e-01  3.009263e-01 -1.649354e-01 -1.072071e-01         12.87838         13.21619
  [37,] -7.864437e-02  4.659234e-03 -7.353151e-02  2.045248e-02 -1.464376e-01 -1.702000e-01         13.19671         13.32933
  [38,]  1.999226e-03 -1.769059e-01 -2.392873e-01  3.294400e-01 -1.593687e-01 -2.581124e-01         13.08479         13.39357
  [39,] -8.409691e-03  4.371833e-02 -1.501771e-01  2.287059e-01 -3.274019e-01  7.092716e-02         12.97076         13.18042
  [40,] -1.365825e-01 -9.035951e-02 -1.200439e-01 -2.321866e-02 -1.994489e-01 -4.928192e-02         12.91837         13.38165
  [41,] -3.964359e-01  1.562684e-01  4.118274e-01 -8.251776e-01 -2.038336e-01  7.548556e-02         12.63071         13.44084
  [42,] -7.134202e-02 -5.638932e-02 -7.030565e-02  6.549371e-02 -3.622805e-01 -7.795291e-02         13.18359         13.03606
  [43,] -6.037038e-02  1.230630e-01  2.795678e-01 -3.542400e-01 -2.624254e-01  1.749497e-03         13.23472         13.23674
  [44,] -3.360467e-01 -1.929104e-01  3.979535e-02 -1.964492e-01 -4.686125e-01  1.107760e-01         13.19847         13.37346
  [45,]  9.508212e-02 -2.415336e-02 -1.690177e-01  3.209031e-01 -6.621347e-02 -1.254249e-01         13.09768         13.27557
  [46,]  3.606954e-02 -3.190126e-02 -4.703291e-02  2.558691e-01 -2.615889e-01  2.060290e-02         13.01051         13.30564
  [47,] -3.469178e-01 -1.854228e-02 -1.278155e-01 -1.602132e-01 -2.076933e-01 -7.717906e-02         13.07613         13.36643
  [48,] -1.756996e-01  1.077928e-01 -7.407843e-02 -6.596594e-02 -1.232760e-01 -1.024915e-01         13.02847         13.30261
  [49,] -1.613573e-01 -1.497973e-01 -1.424933e-01  6.645112e-02 -3.457059e-01  6.046284e-03         13.08267         13.30012
  [50,] -2.061184e-02 -1.027981e-01  8.225201e-03  8.061873e-02 -2.961211e-01 -3.625934e-02         13.36682         12.98151
  [51,] -7.643400e-02 -9.006379e-02 -4.663214e-02  2.983676e-02 -2.753839e-01 -1.049599e-01         12.98437         13.11679
  [52,] -9.770829e-02 -1.702577e-01 -6.386131e-02  1.353440e-01 -4.062818e-01  1.189205e-02         13.04879         13.45738
  [53,] -2.545175e-01 -1.071911e-01  2.518636e-01 -4.613216e-01 -4.446952e-01  1.320291e-01         12.93368         13.40827
  [54,]  7.174141e-02 -3.736594e-02 -6.068127e-02  1.359497e-01 -1.745451e-01 -9.048639e-02         13.20391         13.12372
  [55,] -2.340284e-03  6.016953e-02 -1.926871e-01  2.406200e-01 -1.583783e-01 -1.139813e-01         13.02626         13.00915
  [56,]  2.897225e-02  1.265542e-01 -1.109279e-01  1.452742e-01 -1.524529e-01 -1.175639e-01         13.16194         13.03299
  [57,]  2.028946e-02  2.472158e-02 -1.540351e-01  1.861537e-01 -2.497537e-01 -3.981070e-02         12.97376         13.26969
  [58,]  2.427235e-02 -2.047330e-02 -5.217624e-01  4.584399e-01 -4.958426e-02 -3.247791e-01         13.27257         13.14410
  [59,]  5.045053e-02  1.270283e-01 -7.733316e-02  1.972119e-01 -1.471517e-01 -2.807276e-02         13.09863         13.21718
  [60,]  1.989238e-01 -2.014848e-02 -2.918687e-01  4.687825e-01 -3.721500e-01 -3.256420e-02         12.88615         13.54267
  [61,]  2.687816e-02 -4.481215e-02  1.102605e-01  7.240226e-02 -1.903518e-01 -3.481378e-02         13.11602         13.06284
  [62,] -2.148001e-01 -1.141943e-01  1.016933e-01 -1.647377e-01 -2.842899e-01  2.375972e-02         13.33614         13.02357
  [63,] -2.964247e-04  3.443551e-02 -1.771380e-02  8.164577e-02 -2.422294e-01 -2.954623e-02         13.00650         13.33675
  [64,] -1.746968e-02 -4.195577e-02  2.498455e-02  8.874865e-02 -1.203149e-01 -1.832651e-01         13.12699         12.88271
  [65,] -1.679020e-02  1.628714e-01  3.673213e-02  5.948341e-02 -1.343287e-01 -3.644244e-02         13.21461         13.16963
  [66,] -1.566079e-02 -1.689556e-02  1.538949e-02 -6.872725e-02 -2.224842e-01 -7.253695e-02         13.21692         13.22431
  [67,] -2.524645e-01 -1.841889e-01 -7.038985e-02  1.826142e-02 -3.403200e-01 -1.172651e-01         13.00347         13.18595
  [68,]  1.419114e-01  1.717706e-02  8.181225e-02  6.466791e-02 -1.544709e-01 -1.138543e-01         13.14231         13.35422
  [69,] -2.286479e-02  1.087528e-01  1.813753e-01 -1.071605e-01 -3.904434e-01  1.984714e-02         12.69982         13.31601
  [70,] -8.446091e-02  1.152892e-01 -1.195823e-01  1.389609e-01 -1.394146e-01 -6.748942e-02         13.22249         13.44517
  [71,] -1.437111e-01  4.531920e-02  2.535471e-01 -4.989515e-01 -1.928959e-01 -1.666383e-01         13.18604         13.36366
  [72,]  8.545232e-02 -3.983903e-02 -9.646469e-02  3.747888e-01 -2.125430e-01 -1.466364e-01         12.96761         13.19815
  [73,]  5.929341e-02  7.363906e-02 -2.396560e-01  4.014768e-01 -1.067221e-01 -5.008408e-02         13.06734         13.40659
  [74,] -8.915419e-03 -6.522979e-02 -3.312027e-01  3.583363e-01 -2.246967e-01 -1.197458e-01         13.18916         13.16576
  [75,] -5.759072e-02 -8.292083e-02  2.699348e-01 -2.599736e-01 -2.902908e-01  1.622182e-02         12.72125         13.45622
  [76,] -7.192932e-02  4.825796e-02  4.534046e-02 -7.565407e-02 -2.541165e-01 -1.304126e-01         13.03729         13.19815
        mulogsummer[1,2] mulogsummer[2,2]  sd.index sigmalogsummer t.sd.index
   [1,]         13.67104         14.09712 0.9198944      1.0200205 1.93447813
   [2,]         13.40170         13.93029 1.0099958      0.9117246 0.27421337
   [3,]         13.65369         13.80926 0.9054440      0.8326072 0.85551126
   [4,]         13.62946         13.85034 0.8912815      0.8278419 0.81987366
   [5,]         13.38532         13.78188 0.9920888      0.9656392 1.60740538
   [6,]         13.72385         13.85821 0.9144565      0.8746984 0.45055332
   [7,]         13.71541         14.08038 0.9507556      0.8395256 1.10544141
   [8,]         13.71700         13.61235 0.9632825      0.8633134 0.25877082
   [9,]         13.74157         14.04445 0.9573934      0.8505439 0.48692163
  [10,]         13.52664         13.98594 0.9173650      0.8357293 1.45220621
  [11,]         13.82029         13.95308 0.9682890      0.9399561 1.41076138
  [12,]         13.65584         13.80380 0.9158461      0.9095209 0.76273001
  [13,]         13.80106         14.08777 0.9844507      0.8689619 1.08911321
  [14,]         13.96620         14.07009 0.9129560      0.8838269 0.81081126
  [15,]         13.67623         14.07505 0.9316780      0.8953870 0.67650583
  [16,]         13.67344         14.13417 0.9579567      0.9112362 0.92006572
  [17,]         13.60654         13.67802 0.9837604      0.8080630 0.33803716
  [18,]         13.54593         14.00393 0.9356475      1.0622195 1.00329084
  [19,]         13.45191         13.86284 0.9321658      0.8659562 0.57016978
  [20,]         13.46544         13.70559 0.9589916      0.8962823 0.28406790
  [21,]         13.48038         14.24638 0.8844385      0.9192356 1.81620595
  [22,]         13.48824         13.91003 0.9114690      0.7838577 1.21241840
  [23,]         13.65298         13.75204 0.9723752      0.8235498 0.39896897
  [24,]         13.69220         13.78555 0.9676927      0.9504683 0.35110098
  [25,]         13.78392         13.82578 1.0003286      0.8740966 0.88119872
  [26,]         13.92949         13.98548 0.9284135      1.0345340 1.19971141
  [27,]         13.60515         13.69786 0.9320595      0.9040633 0.85286494
  [28,]         13.47575         13.91679 0.9499912      0.8022998 1.68019118
  [29,]         13.63477         13.91059 0.9587475      0.9484671 0.81521638
  [30,]         13.76382         13.76664 0.9503999      0.8810391 1.94139432
  [31,]         13.74359         13.65486 0.9298029      0.8551784 0.61866705
  [32,]         13.58123         14.05663 0.9451931      0.8324588 1.02670548
  [33,]         13.39237         13.59629 0.9301828      0.8832526 1.10410662
  [34,]         13.65603         13.71958 1.0185157      0.9519376 0.85969225
  [35,]         13.53991         13.84213 0.9535615      0.7979275 1.29659700
  [36,]         13.63530         13.96683 0.9672155      0.8221327 0.65257128
  [37,]         13.56367         13.81089 0.8816376      0.8858876 0.24466501
  [38,]         13.65402         14.06654 1.0943571      0.8849333 1.43431433
  [39,]         13.69104         13.82204 0.8968667      0.8572388 0.78135699
  [40,]         13.71303         13.82621 0.9131593      0.9057108 1.16589347
  [41,]         13.38302         13.98455 0.9389092      0.9706818 1.40683727
  [42,]         13.48427         13.74910 0.9557626      0.9120102 1.11140142
  [43,]         13.68170         13.72060 0.9262929      0.9758058 0.97248541
  [44,]         13.68270         13.76260 1.0690278      0.9935896 0.87066991
  [45,]         13.74787         13.89560 0.9179844      0.8616007 1.10331601
  [46,]         13.55699         13.93348 1.0281695      0.9689303 1.58446628
  [47,]         13.72754         13.91084 0.9047808      0.8201719 0.95612555
  [48,]         13.64618         13.79592 0.9660024      0.8934308 0.22651722
  [49,]         13.49864         13.71361 0.8655113      0.8710708 1.44174245
  [50,]         13.43954         13.71977 0.9494829      0.8426798 0.70116083
  [51,]         13.69846         13.88847 0.9617800      0.8938964 0.81141365
  [52,]         13.71541         13.87423 0.9360270      0.9098844 1.32294278
  [53,]         13.37245         14.17164 1.0902381      0.9279721 1.61982086
  [54,]         13.71028         13.77728 0.8664398      0.8708773 0.33395689
  [55,]         13.68335         14.02683 1.0310435      0.9120212 0.72702293
  [56,]         13.90185         13.50627 0.8943991      0.9843459 1.55827647
  [57,]         13.68147         13.88628 0.8928769      1.0526849 0.50715805
  [58,]         13.72887         13.73965 1.0163386      0.8690814 1.00427601
  [59,]         13.58652         14.10418 0.9390762      0.9496079 0.72189850
  [60,]         13.88459         14.12768 1.0677872      0.8200912 0.35676751
  [61,]         13.65751         14.00392 0.8703398      0.8419854 0.80771886
  [62,]         13.75405         13.72576 0.8597373      0.8535955 0.21292097
  [63,]         13.91841         13.81709 0.9316529      0.9098349 0.41349897
  [64,]         13.73440         13.82498 1.0255439      0.8606128 1.90693784
  [65,]         13.73593         14.01860 0.9549191      0.8449735 0.57409553
  [66,]         13.87822         13.68492 1.0610898      0.8974534 1.06846172
  [67,]         13.47431         13.99537 0.9406826      0.9268154 1.24773320
  [68,]         13.66186         13.85951 0.9209702      0.8344700 0.86465949
  [69,]         13.56124         13.96283 1.0169756      0.9171333 1.47347821
  [70,]         13.63835         13.99197 0.9685527      0.8764751 1.26753070
  [71,]         13.65359         13.85798 0.9814531      0.9547263 1.84748852
  [72,]         13.56475         13.99433 0.9313780      0.8840463 1.93548164
  [73,]         13.82629         13.79273 0.9588561      0.8109814 1.16863672
  [74,]         13.67595         14.00366 0.9368379      0.9401178 1.73212677
  [75,]         13.42552         13.87412 0.9507307      0.9390841 1.03808476
  [76,]         13.69357         13.90427 0.9762897      0.8566837 1.17796486
 [ reached 'max' / getOption("max.print") -- omitted 4924 rows ]

[[2]]
Markov Chain Monte Carlo (MCMC) output:
Start = 750025 
End = 875000 
Thinning interval = 25 
              beta[1]       beta[2]       beta[3]       beta[4]       beta[5]       beta[6] mulogsummer[1,1] mulogsummer[2,1]
   [1,] -1.645399e-01 -1.499767e-01 -6.080329e-02  0.0088862872 -0.4454427812 -0.0506293513         12.92392         13.05771
   [2,]  8.478106e-02  4.773355e-02 -4.803564e-01  0.5600828882 -0.2218365648 -0.1273134559         13.42906         13.51128
   [3,] -1.148688e-01 -3.983174e-02  1.873599e-01 -0.1495094726 -0.2263314158  0.0138955881         13.26239         13.08904
   [4,] -2.089680e-02 -5.649669e-02  2.955256e-02  0.0360609586 -0.1367440756 -0.0382520019         12.70352         13.17161
   [5,] -1.354823e-01  7.489064e-02  5.581522e-04 -0.0891330181 -0.0936204764 -0.1770048967         12.83814         13.02868
   [6,]  6.303363e-03  2.019186e-02  2.089165e-01 -0.0952402623 -0.1903119779  0.0897341713         13.15695         13.18730
   [7,] -1.124677e-01  1.169999e-01  2.171002e-01 -0.3309675571 -0.1842785754 -0.1633448660         13.12424         12.93277
   [8,]  1.675209e-01  1.758284e-01 -9.286310e-02  0.3168826796 -0.1011468404 -0.0676116304         13.08821         13.15607
   [9,]  1.043472e-01  1.881313e-02 -5.274562e-02  0.1270719230 -0.2113668142 -0.0224907154         12.94694         13.30647
  [10,]  9.289970e-02  1.247409e-01  1.621308e-02  0.0886810442 -0.2594541283 -0.0625677836         12.84755         13.22818
  [11,]  1.163250e-01  1.394072e-01 -1.632534e-01  0.3617192244 -0.1445358487 -0.2195963690         13.33002         13.52806
  [12,] -1.378682e-01 -6.665362e-02  4.976756e-03 -0.0457423018 -0.1026925971 -0.1602978375         13.10017         13.57575
  [13,] -1.449560e-01 -6.575822e-02 -3.789506e-02 -0.0215150405 -0.1105094924 -0.1462610308         13.23036         13.36257
  [14,]  1.107683e-01 -3.974245e-02 -1.134769e-01  0.2560937797 -0.2519066489 -0.1081214344         13.02405         13.22175
  [15,]  2.438959e-02  1.586333e-01 -2.591633e-01  0.3198520466 -0.0799381691 -0.3260670535         13.08897         13.27493
  [16,] -9.870798e-02  3.198812e-02  2.883791e-01 -0.2847320376 -0.1404824798 -0.1030080280         13.04366         12.99801
  [17,] -1.661165e-01 -2.573428e-02  2.867927e-01 -0.4499097799 -0.2213979928 -0.0149340698         13.22089         13.21321
  [18,]  9.845504e-02  3.424938e-02 -1.271275e-01  0.2555882592 -0.2825281503  0.0473060406         12.96229         13.22703
  [19,]  3.670809e-03 -2.955165e-02  3.640239e-01 -0.2333027218 -0.1780621254 -0.1708435800         13.17568         12.96722
  [20,] -2.273833e-02  8.843653e-02  2.796793e-02 -0.0326202290 -0.1735721331 -0.1809006027         13.12173         13.39325
  [21,]  1.433971e-01  9.741704e-03 -3.881359e-02  0.2326311271 -0.2692081207 -0.1295956450         13.25258         13.35478
  [22,] -6.811624e-03  1.639804e-01  2.255652e-01 -0.1454382516 -0.0630464543 -0.1660118628         13.06477         12.94697
  [23,]  2.044207e-01  8.800867e-02 -1.356366e-01  0.4144806343 -0.2210334930  0.0219841823         12.70854         13.23794
  [24,]  2.089243e-01 -4.164369e-02 -1.989481e-01  0.4191131139 -0.1653029703 -0.1526012088         13.09509         12.86682
  [25,] -3.743896e-01 -8.367635e-02 -7.205480e-02 -0.0903384995 -0.3208067421  0.1087557010         13.25291         13.56961
  [26,]  6.615848e-02  6.773412e-02 -1.886288e-01  0.3786482057 -0.3150360247  0.0760166121         13.14820         13.26262
  [27,] -2.117212e-01 -9.712210e-02 -1.982814e-01  0.0855403720 -0.1886279033 -0.1015118883         12.91002         13.02357
  [28,]  5.323244e-02 -4.045810e-02 -1.385453e-01  0.2346128443 -0.3178547334 -0.0515970426         13.00991         13.31738
  [29,]  2.332272e-01  8.443056e-02 -4.174494e-02  0.4220334517 -0.2740448750 -0.0048664196         13.17974         13.33441
  [30,]  2.093335e-02 -4.129937e-02 -1.083547e-01  0.1313180002 -0.2256509149 -0.0363474192         13.13678         13.03362
  [31,]  8.520157e-02  2.240501e-02  7.092012e-02  0.1232283249 -0.2289354360 -0.1384376194         12.96001         13.39050
  [32,]  3.737497e-02  6.663476e-02  1.518874e-01 -0.0994169884 -0.3337765637 -0.0019516313         13.00980         13.17248
  [33,] -8.317078e-03 -4.666346e-02 -1.440971e-01  0.2720906120 -0.1450217295 -0.1758635693         12.82710         13.12742
  [34,]  2.799452e-02 -1.093386e-01 -5.974931e-02  0.1342121162 -0.2655997249 -0.1547601697         12.88492         13.10008
  [35,]  2.556986e-01  8.894647e-02 -2.878288e-01  0.5959164151 -0.1546559618 -0.1359509519         12.87283         13.32878
  [36,] -9.697543e-02  5.100057e-02  1.298043e-02 -0.0854126520 -0.1398193769 -0.1813117852         13.17134         13.44831
  [37,]  1.875113e-01  5.440958e-02 -1.264732e-01  0.3661366763 -0.3205652537 -0.1142951074         12.63850         13.45424
  [38,] -7.150890e-02  3.865547e-02 -3.491059e-02 -0.0507729274  0.0001667544 -0.2318144183         13.05846         13.58255
  [39,] -2.333871e-01  2.092463e-02  1.913185e-02 -0.1633270048 -0.1298416928 -0.1416260071         13.01799         13.50950
  [40,]  1.312077e-01  6.356172e-02 -3.112098e-01  0.4530479842 -0.1997054730  0.0268521150         13.17207         13.04270
  [41,] -1.132818e-01 -5.839256e-03  1.666000e-01 -0.1386126008 -0.2794468572 -0.0367419555         13.16196         13.41058
  [42,] -1.648915e-01  1.278829e-02  3.142774e-01 -0.4689343791 -0.2884743380 -0.0381311512         12.84386         13.18013
  [43,] -2.670680e-01 -6.658011e-02 -4.772268e-02 -0.2237806023 -0.1281797192 -0.2370051327         13.39047         13.61714
  [44,]  6.016097e-02 -5.348054e-02 -1.772740e-01  0.2683203572 -0.3977190030 -0.0625243592         12.83842         13.48462
  [45,] -1.158929e-01 -1.068910e-01  4.590477e-02 -0.1984212038 -0.3539837264  0.1400891949         13.41467         13.32882
  [46,] -3.178029e-01  8.053052e-02  9.977063e-02 -0.3646963959 -0.3887403970 -0.0307817874         13.07649         13.17512
  [47,] -1.266900e-01 -1.599106e-01  1.141120e-01 -0.1132433660 -0.4424749416  0.0527200506         13.19661         13.34483
  [48,]  2.890679e-02 -1.100053e-01  5.372845e-02  0.0075821283 -0.2069453184 -0.0304925439         13.53877         13.24292
  [49,]  3.139325e-03 -2.973619e-02  5.646940e-02 -0.0106819415 -0.2590051089  0.0320024336         13.03774         13.54314
  [50,]  1.759165e-01  4.900787e-02 -3.522973e-01  0.4842428697 -0.1200832816 -0.1186642272         12.83997         13.39249
  [51,]  2.246376e-01  1.577386e-02 -8.068411e-02  0.3479077863 -0.0938539747 -0.1856020407         13.05785         13.51415
  [52,] -9.294294e-02  1.085867e-01 -2.703963e-01  0.2532371285 -0.2779406604 -0.0601038917         12.90361         13.28569
  [53,]  8.747259e-02  9.473454e-02 -2.795822e-01  0.4201481477 -0.1646140112 -0.1806420542         12.91470         13.20569
  [54,] -1.429129e-01  1.068560e-01  1.849878e-01 -0.2397444832 -0.1613098619 -0.1883253290         13.21877         13.26265
  [55,]  1.181066e-01 -2.885152e-02  3.271742e-01  0.0013287049 -0.5198440638  0.0456667073         13.31943         13.13004
  [56,] -2.182699e-02 -1.586300e-01 -2.754358e-01  0.3395923487 -0.2589929437 -0.2035610140         13.36427         13.45574
  [57,] -1.376262e-01 -9.264180e-02 -7.658152e-02 -0.0536721938 -0.0335969160 -0.1557766323         13.06983         13.26098
  [58,] -2.389894e-01 -1.790799e-01  1.850375e-01 -0.2079736933 -0.5027428412 -0.0212891164         12.83245         13.21104
  [59,]  1.365313e-01  1.080946e-01 -1.496032e-02  0.0405735856 -0.0687283669 -0.0686474581         12.89673         13.14682
  [60,] -8.709101e-02  8.689691e-02  4.665457e-02 -0.0973574130  0.0012591655 -0.1981625529         13.18542         13.13361
  [61,] -1.432339e-01  1.008242e-01  1.259108e-01 -0.2133953106 -0.1750907425 -0.0484478517         12.82546         13.48309
  [62,]  1.836638e-01  5.125006e-02 -2.691550e-01  0.4577185943 -0.1598898782 -0.0073416630         12.85126         13.34198
  [63,] -1.767831e-01  1.201350e-01 -3.668050e-02 -0.1070842738 -0.0715038226 -0.1590090870         13.20250         13.25208
  [64,] -4.052212e-01  3.775527e-02 -2.675691e-01 -0.0250643473 -0.0821814149 -0.1237432297         13.00153         13.48871
  [65,]  2.929144e-02  9.255498e-02 -1.536077e-01  0.2665465185 -0.1137417907 -0.0371776080         13.24884         13.38108
  [66,] -3.267374e-01  8.971383e-02  2.340483e-01 -0.3681053980 -0.1703112517 -0.1290788819         13.02106         13.49706
  [67,]  2.011367e-01  1.553548e-01  1.075484e-01  0.3083238212 -0.2787703418  0.0514565015         13.16774         13.46172
  [68,] -2.257514e-02  3.710299e-02 -3.511911e-01  0.2693813255 -0.2389105793 -0.0131636274         13.19104         13.38466
  [69,]  2.333876e-01  8.778881e-02 -3.046752e-02  0.2127601817 -0.2558967383  0.0497053354         13.06700         13.17002
  [70,] -3.385245e-01 -4.643598e-02 -1.142949e-01 -0.1679788659 -0.0866811333 -0.1432620004         12.79083         13.14354
  [71,]  5.659968e-02  1.924862e-02  2.550354e-01 -0.1750607932 -0.2722025653 -0.0446592914         13.36650         13.59601
  [72,]  1.887340e-02  1.601680e-01 -1.992394e-01  0.3133656406  0.1009956951 -0.1720081266         12.98889         13.45421
  [73,]  1.020019e-01  9.644567e-02 -1.417235e-02  0.3252072407 -0.0310743520 -0.3667597890         13.14286         13.19510
  [74,] -2.692108e-01 -8.654948e-02 -1.717234e-01 -0.0721918147 -0.1500102285 -0.0290373766         13.11057         13.24325
  [75,] -4.174030e-02 -3.605908e-03  3.014935e-01 -0.2816140191 -0.2492938954 -0.0342844742         13.17020         13.36231
  [76,]  5.937482e-02  6.896619e-02 -2.667415e-01  0.4040923761 -0.0542295694 -0.1561823680         13.06654         13.21861
        mulogsummer[1,2] mulogsummer[2,2]  sd.index sigmalogsummer t.sd.index
   [1,]         13.52316         14.05630 0.9451332      0.8460615 0.55499334
   [2,]         13.69729         13.91764 1.0089016      0.9093352 0.79291826
   [3,]         13.70564         13.83725 0.9767724      0.8802551 0.83172059
   [4,]         13.57246         14.07603 0.9064795      0.9451468 0.62334868
   [5,]         13.85174         14.06316 0.9195227      0.8866986 1.24811742
   [6,]         13.64699         13.71256 0.8758486      0.8497833 1.27181974
   [7,]         13.71593         13.82455 0.9639387      0.9155066 1.93896875
   [8,]         13.75136         13.79839 0.9042149      0.9564439 1.30383324
   [9,]         13.56923         14.02640 0.9334774      0.7856286 1.51414529
  [10,]         13.52500         13.73165 0.9621845      0.9009319 1.82450919
  [11,]         13.75790         13.71754 0.9899297      0.9253042 1.38787937
  [12,]         13.53029         13.74683 0.9068001      0.9316051 0.79924315
  [13,]         13.71542         13.81341 0.9220400      0.8879869 1.31075701
  [14,]         13.66575         13.56782 0.8792933      0.8491926 1.19753289
  [15,]         13.45429         13.90789 0.9937700      0.9418004 1.95763798
  [16,]         13.53265         13.91663 1.0081490      0.9675604 1.83887387
  [17,]         13.53414         13.93858 0.8884760      0.8511323 1.32128219
  [18,]         13.71880         13.40853 0.9315665      0.8901586 1.57324660
  [19,]         13.45332         13.75051 0.9423244      0.8553933 1.89442843
  [20,]         13.58898         13.71813 1.0004067      0.9060154 0.39339287
  [21,]         13.45448         13.96415 0.9165323      0.9064491 1.35796787
  [22,]         13.43273         13.89261 0.8872328      0.9654610 1.07078955
  [23,]         13.72772         13.86960 1.0082458      0.9900222 0.66939818
  [24,]         13.69515         14.16592 0.8473128      0.7588535 0.70316579
  [25,]         13.29014         13.95961 0.8915474      0.8680510 0.92208032
  [26,]         13.68052         13.72477 0.8649942      0.9346834 1.80438409
  [27,]         13.74788         14.05752 1.0009601      0.9179772 1.36351313
  [28,]         13.52639         13.72743 0.9225497      0.8093696 1.26813301
  [29,]         13.73842         13.79361 0.9701480      0.9065503 0.19297995
  [30,]         13.54565         14.09791 0.9541638      0.7951812 0.50266902
  [31,]         13.96259         13.75774 0.9760872      0.8908197 0.96237501
  [32,]         13.62273         13.62705 0.8995219      0.8825059 1.64175978
  [33,]         13.85639         13.98757 0.9562739      0.9133975 1.35399939
  [34,]         13.72870         13.84978 0.9087130      0.9362080 0.63738723
  [35,]         13.62835         13.82339 1.0072333      0.9517041 0.87370350
  [36,]         13.45525         13.51821 0.9247537      1.0015984 1.97529527
  [37,]         13.71082         14.10674 0.9336395      0.9095466 1.01779457
  [38,]         13.63724         13.93462 0.9526713      0.9035869 0.56374133
  [39,]         13.47754         13.89652 0.9746649      0.8284110 1.17389712
  [40,]         13.57697         14.01290 0.9719755      0.9048803 0.95856101
  [41,]         13.75915         13.74170 0.9908210      0.8146466 0.92367781
  [42,]         13.47960         13.82416 1.0022804      0.9079357 0.84801248
  [43,]         13.76395         13.77027 0.9446913      0.8961678 0.62768564
  [44,]         13.66845         13.98943 1.0243938      0.8877583 1.20299460
  [45,]         13.80673         14.13318 0.9968216      0.9115170 1.43542171
  [46,]         13.65450         13.88402 0.9744568      0.8548910 1.26556676
  [47,]         13.83792         14.03426 1.0242295      0.8816860 1.88942027
  [48,]         13.73620         13.86414 0.8241538      0.8074340 1.96190357
  [49,]         13.71786         13.85985 0.9733961      0.9155155 0.82410435
  [50,]         13.80268         13.93953 0.9261567      1.0338861 1.49083961
  [51,]         13.47531         13.81467 0.9127061      0.8406957 0.98574016
  [52,]         13.61990         13.90896 0.9195077      0.8283989 1.41933319
  [53,]         13.71197         13.68863 0.9247371      0.8444276 1.04187402
  [54,]         13.65548         14.07612 0.9502170      0.9265461 1.71477325
  [55,]         13.54824         13.81604 0.9211263      0.8668331 1.25541054
  [56,]         14.12864         13.97681 0.9804268      0.9286836 1.33904444
  [57,]         13.54712         13.66314 0.9388974      0.8952462 1.42297221
  [58,]         13.66356         13.97847 0.9779857      0.7510183 0.33928357
  [59,]         13.61678         13.88993 0.9026880      0.9009731 1.29627583
  [60,]         13.52331         13.90113 0.9958089      0.8526231 0.77494692
  [61,]         13.47811         13.69558 0.9634185      0.8514054 0.95003839
  [62,]         13.68973         13.66317 0.9172250      0.9354391 1.98569033
  [63,]         13.86676         14.14102 1.0189511      0.9204757 0.33156937
  [64,]         13.55442         14.08812 0.9961544      0.9680076 0.92271842
  [65,]         13.63321         13.69735 0.9096166      0.8888685 0.43089199
  [66,]         13.62904         13.83499 1.0269711      1.0496890 1.77564647
  [67,]         13.86777         14.08673 0.9765510      0.9498075 1.22496623
  [68,]         13.58626         13.75797 1.0018737      0.8226159 1.67280179
  [69,]         13.48770         14.11490 0.9986355      0.8982686 1.24705792
  [70,]         13.75516         13.92333 0.9198418      0.8310834 1.03804173
  [71,]         13.73300         14.06503 0.9825584      0.9302626 1.32828073
  [72,]         13.53346         13.91520 0.9391153      0.9689017 1.42515637
  [73,]         13.70765         13.61853 1.0185187      0.9433482 0.52327921
  [74,]         13.75793         13.79421 0.9074701      0.9178284 0.71831816
  [75,]         13.58773         13.82738 0.8726290      0.9315502 1.38944649
  [76,]         13.40219         14.03833 0.9640450      0.9051869 1.12890325
 [ reached 'max' / getOption("max.print") -- omitted 4924 rows ]

[[3]]
Markov Chain Monte Carlo (MCMC) output:
Start = 750025 
End = 875000 
Thinning interval = 25 
              beta[1]       beta[2]       beta[3]       beta[4]       beta[5]       beta[6] mulogsummer[1,1] mulogsummer[2,1]
   [1,] -1.495373e-01  2.954825e-02  0.0487916283 -3.895982e-02 -1.780570e-01 -4.965331e-02         13.04429         13.38235
   [2,] -7.659355e-02  8.972428e-02 -0.1498752496  1.055738e-01 -2.846777e-01 -4.762994e-02         13.25116         13.55184
   [3,] -8.299324e-03 -3.959396e-02  0.0508310715 -3.838198e-02 -3.569683e-01  1.909251e-01         13.01833         13.14925
   [4,]  1.139007e-03 -3.343735e-02  0.0252972043  9.546875e-03 -9.662028e-02 -1.174640e-01         13.04168         13.21727
   [5,] -7.337907e-02 -5.210886e-02 -0.0411546915 -4.876812e-02 -2.361730e-01 -9.950209e-02         12.99602         13.04290
   [6,] -4.047505e-02 -2.592088e-02  0.4416568247 -4.378526e-01 -3.102251e-01  5.898722e-02         13.01893         13.36518
   [7,]  1.340299e-01  2.102716e-01  0.0018801982  1.345270e-01 -1.996542e-01 -1.022187e-01         12.95599         13.17244
   [8,] -7.764437e-02 -8.242676e-02 -0.1172207383  1.622717e-01 -3.246223e-01  1.248628e-01         13.25209         13.20192
   [9,] -2.581957e-01  1.530204e-02 -0.0574873710 -1.661094e-01 -1.509889e-01 -1.764985e-01         12.89210         13.34798
  [10,] -3.690747e-02 -1.156046e-01  0.0243806583 -6.953331e-02 -2.312943e-01 -2.642970e-01         12.80521         13.23593
  [11,] -1.426865e-01 -8.208038e-03  0.6028056004 -5.698477e-01 -3.262499e-01 -1.098998e-01         13.15463         13.22137
  [12,]  1.033833e-01 -5.878925e-02  0.1653390525 -6.748793e-02 -2.651165e-01 -7.356631e-03         13.40300         13.35932
  [13,]  4.834981e-02 -9.817612e-02 -0.2710963452  2.916049e-01 -1.521516e-01 -4.851040e-02         12.95449         13.30485
  [14,] -4.959903e-03 -2.483001e-02  0.0775846329 -3.791652e-02 -2.320804e-01 -1.701310e-01         12.94794         13.22906
  [15,]  1.734683e-01  3.913227e-02  0.0457504270  1.070452e-01 -3.041036e-01 -1.030390e-01         13.35885         13.30800
  [16,] -4.439331e-02  5.849426e-02 -0.1399885862  6.846479e-02 -1.605663e-01 -1.138280e-01         13.17838         12.93394
  [17,] -2.703478e-01 -5.021725e-03  0.1100976026 -3.752392e-01 -2.882052e-01  1.101363e-01         13.24609         13.09009
  [18,] -8.294496e-02  1.844568e-01  0.0407253716 -2.349772e-01 -1.413776e-02 -1.429594e-01         13.03741         13.28356
  [19,] -2.336851e-01 -1.511340e-01  0.3966432364 -5.320524e-01 -2.021982e-01 -8.727580e-02         12.97720         12.99856
  [20,]  5.957483e-02 -2.621972e-02  0.4684135726 -2.442536e-01 -2.983962e-01 -1.267966e-01         12.83821         13.31092
  [21,]  1.369398e-01  7.695593e-02 -0.0470546187  2.476556e-01 -3.485800e-01 -1.298140e-01         12.97528         13.32496
  [22,] -2.027004e-01 -7.976073e-02  0.0614246210 -2.162253e-01 -2.704904e-01 -8.932680e-02         13.15870         13.21820
  [23,] -1.480933e-01 -1.510431e-01  0.1406415153 -1.585780e-01 -3.391437e-01 -2.428215e-02         12.96075         13.32285
  [24,] -9.901629e-03  1.036023e-02  0.2825970892 -2.036472e-01 -2.877115e-01 -1.218730e-01         13.40109         13.54147
  [25,] -1.642547e-01  8.083420e-02 -0.3485176285  2.088208e-01 -2.136877e-01 -8.501627e-02         12.94269         13.18648
  [26,]  3.681831e-01  5.731541e-02 -0.1784033918  5.606505e-01 -2.491235e-01  8.129698e-02         12.72980         13.03310
  [27,] -1.153268e-01  8.993584e-02 -0.0662023167  5.816436e-02 -9.361915e-02 -1.441329e-01         13.06347         13.24470
  [28,] -6.376251e-02 -1.369390e-01 -0.0197380634  8.573152e-02 -4.693071e-01  2.006710e-02         12.95449         13.42126
  [29,] -1.701631e-01  1.803760e-01  0.1045793093 -1.554420e-01 -2.143856e-01 -8.558004e-02         13.09588         13.23318
  [30,] -1.014310e-01  1.407317e-01 -0.0102828357 -4.469609e-02 -2.859219e-01 -4.328203e-02         13.25478         13.67373
  [31,] -1.490630e-01 -9.284086e-02  0.3325830968 -4.151414e-01 -2.327265e-01 -1.625678e-01         12.97723         13.58767
  [32,] -3.312370e-01 -2.861281e-02  0.1015012896 -3.743615e-01 -2.286415e-01 -5.752258e-02         12.99904         13.34593
  [33,] -2.356215e-03  2.030966e-01  0.2857862489 -1.298025e-01 -7.374151e-02 -3.648308e-01         13.33615         13.10240
  [34,] -7.118561e-02 -1.122788e-01  0.3482680941 -3.360752e-01 -9.756222e-02 -1.790995e-01         13.00933         13.22641
  [35,]  7.797869e-02  1.052907e-01  0.3210745442 -1.765151e-01 -2.836963e-01  5.351314e-02         13.48556         13.24965
  [36,]  3.499249e-02 -3.810201e-02 -0.2467201052  3.348789e-01 -1.768931e-01 -1.028801e-01         12.69396         13.33011
  [37,]  1.880331e-01  9.075210e-02  0.2339396946  1.636437e-02 -2.374807e-01 -4.531277e-02         13.02798         13.17156
  [38,] -7.925051e-02 -4.667802e-02 -0.2004808465  1.532611e-01 -1.120181e-01 -1.356111e-01         12.82763         12.97275
  [39,] -1.406766e-01  1.711802e-01  0.3230357851 -4.246842e-01 -5.647837e-02 -1.752573e-01         13.19687         13.37992
  [40,]  4.526058e-02  2.448612e-02 -0.0919939285  2.485466e-01 -1.555011e-01  5.456362e-02         13.35040         13.18859
  [41,] -6.394585e-02  6.051459e-02  0.1344098594 -1.438558e-01 -2.847182e-01  1.636287e-02         12.94343         13.47467
  [42,]  1.736102e-02 -9.957773e-03  0.0311933114  4.148424e-02 -7.953940e-02 -2.108558e-01         12.97142         13.20182
  [43,] -3.352756e-01 -1.104258e-01  0.0197652287 -3.459054e-01 -2.649724e-01 -4.643432e-02         13.19598         12.88135
  [44,]  7.916530e-02 -1.409045e-02  0.2667472065 -9.777685e-02 -4.435531e-01  5.248887e-02         13.13469         13.06405
  [45,]  1.744911e-01  4.836172e-03 -0.0642218586  2.670762e-01 -1.132545e-01 -2.427101e-01         13.07700         13.31377
  [46,] -9.757169e-02  1.132617e-02  0.1429216236 -1.165713e-01 -3.329608e-01 -7.870218e-02         13.27326         13.40899
  [47,] -1.660575e-01 -7.126794e-02 -0.1923162952  1.420992e-01 -1.170812e-01 -6.016022e-02         13.36760         13.17222
  [48,]  2.907167e-02  3.052852e-02 -0.0371908059  9.129735e-02 -1.528732e-01 -2.045793e-01         12.71201         13.19368
  [49,] -3.188590e-01 -9.030532e-02  0.1539817969 -3.867455e-01 -2.484923e-01  1.491082e-01         13.05621         13.50240
  [50,]  1.050972e-01 -5.376853e-02 -0.0780215885  1.492605e-01 -2.630985e-01 -6.325140e-02         12.93633         13.13063
  [51,] -6.027408e-02 -7.560435e-02  0.0664868324 -2.514172e-02 -3.063655e-01 -6.343504e-02         13.24748         13.31794
  [52,] -1.685099e-01  1.323859e-01  0.0497718155 -1.199156e-01 -1.077508e-01 -1.975083e-01         12.90002         13.13466
  [53,] -2.623452e-01 -1.015299e-01  0.2423729728 -4.204277e-01 -2.406239e-01  7.164942e-02         12.76938         13.34755
  [54,] -1.997979e-01 -1.206738e-03  0.2444983205 -3.456891e-01 -1.840061e-01 -1.119786e-02         13.17463         13.07186
  [55,]  6.211024e-02 -6.904831e-03 -0.0319835807  1.561006e-01 -2.519242e-01 -2.104247e-01         13.20689         13.39725
  [56,] -8.891799e-02  1.127174e-01  0.2067585727 -3.929254e-02 -2.153606e-01 -8.563506e-02         13.15546         13.28608
  [57,]  1.155642e-01  2.513287e-02 -0.0036311381  2.064196e-01 -3.770645e-01  8.413188e-03         12.92331         13.43993
  [58,] -1.500879e-01 -8.949619e-02  0.2679817159 -3.245038e-01 -3.253458e-01  3.902182e-02         12.96326         13.29185
  [59,]  5.302404e-02  1.220595e-01  0.1469025570  4.523212e-02 -5.066072e-02 -2.053514e-01         13.03267         13.21169
  [60,] -1.268329e-01 -4.690118e-02 -0.0581807184 -7.807546e-02 -1.280620e-01 -1.153993e-01         13.42237         13.33195
  [61,]  5.759939e-02  2.355862e-02  0.1250840697 -1.559917e-02 -2.562879e-02 -9.982602e-02         12.81060         13.23709
  [62,]  3.030131e-01  1.575695e-01  0.0407498778  2.186918e-01 -9.134296e-02 -8.130624e-02         13.21312         13.30050
  [63,] -1.014443e-01 -2.352902e-04  0.0180253913 -2.866569e-02 -3.091583e-01 -7.171053e-02         12.81905         13.06479
  [64,]  1.814749e-01  1.195199e-01 -0.4933563461  6.378157e-01 -1.154680e-01 -1.877301e-01         13.02706         13.45565
  [65,] -1.228571e-01 -4.292972e-02 -0.0528578223 -8.007875e-02 -1.356707e-01 -2.342092e-01         12.99461         13.43642
  [66,] -1.146576e-01 -1.060037e-01  0.0501323641 -8.214993e-02 -2.947205e-01 -5.400792e-03         13.23068         13.37954
  [67,] -5.518547e-02 -1.768736e-01 -0.3109562099  1.775310e-01 -2.406702e-01 -1.007487e-02         13.30346         13.01162
  [68,] -9.260468e-02 -1.255548e-01 -0.1771414430  2.107158e-01 -3.355461e-01  3.038891e-02         13.45954         13.31180
  [69,]  6.941514e-02  1.563291e-01  0.0703171596  2.090620e-02 -1.275810e-01 -1.164845e-02         12.82110         13.46153
  [70,]  1.325439e-01 -1.506858e-01 -0.2721153481  4.034917e-01 -3.481845e-01  1.759728e-02         13.08082         13.36134
  [71,] -1.321587e-02 -5.781999e-02  0.3417348037 -3.649614e-01 -2.815801e-01 -5.709356e-02         12.85233         13.30049
  [72,] -6.723439e-02 -7.749098e-02 -0.0281586987 -4.061025e-02 -1.540312e-01 -6.180373e-02         13.03508         13.46600
  [73,]  1.463905e-01 -2.879403e-03 -0.0323303303  1.514271e-01 -4.842067e-01  1.018373e-02         13.23471         13.36466
  [74,]  7.724196e-03  1.935993e-02  0.1526175523 -4.096247e-02 -2.717629e-01 -1.496657e-01         12.78322         13.21525
  [75,]  7.557110e-02 -2.188120e-02  0.2825779396 -1.141466e-01 -3.213510e-01  1.270721e-02         12.91519         13.15697
  [76,] -2.065965e-02  1.400020e-02  0.3067540730 -3.227346e-01 -1.674158e-01 -1.112559e-01         13.28127         13.16413
        mulogsummer[1,2] mulogsummer[2,2]  sd.index sigmalogsummer t.sd.index
   [1,]         13.51178         13.94400 0.8443927      0.8369652 0.26075536
   [2,]         13.83565         13.76344 0.9746526      0.9172452 1.30458110
   [3,]         13.69570         13.95036 0.9101786      0.8652008 1.99663700
   [4,]         13.67569         13.71003 0.9175454      0.8588682 0.84449599
   [5,]         13.83242         13.79428 0.9233356      0.9240167 1.70783009
   [6,]         13.78893         13.95492 0.9951669      0.9542155 1.79589815
   [7,]         13.64089         13.68456 1.0008416      0.8696427 1.25263482
   [8,]         13.75839         13.98851 0.9916762      0.8229702 0.90497613
   [9,]         13.42928         13.91963 0.9720271      0.9165475 1.11261914
  [10,]         13.46065         13.76239 0.9387133      0.8255672 1.38141852
  [11,]         13.75498         13.75735 1.0094610      0.9103409 1.01859904
  [12,]         13.56580         13.75570 0.8679483      0.9581183 0.39507010
  [13,]         13.71566         13.79437 0.8567849      0.8901955 1.79781397
  [14,]         13.47631         13.84520 0.9072524      0.9336667 1.36640850
  [15,]         13.72356         13.60365 0.9313953      0.8503974 1.02043386
  [16,]         13.76124         13.51652 0.9807495      0.9085231 1.55833905
  [17,]         13.67271         13.95652 0.9916069      0.8031947 0.28148219
  [18,]         13.52322         13.89489 1.0053028      0.9298381 1.69222235
  [19,]         13.70140         13.85740 0.9236941      0.8989209 0.75167256
  [20,]         13.50008         13.92111 1.0250874      0.8980852 0.49033721
  [21,]         13.67669         13.51197 0.9724829      0.8119466 1.79219730
  [22,]         13.65500         13.83423 0.9814067      0.9407044 0.87518937
  [23,]         13.77655         13.95368 0.8984311      0.8898692 0.95527752
  [24,]         13.71199         14.05114 0.9929448      0.9072664 1.55048397
  [25,]         13.69706         13.89761 1.0008498      0.8223985 0.77485653
  [26,]         13.64271         13.90759 0.9717893      0.9071605 1.52231567
  [27,]         13.69549         13.66728 0.9543054      0.8258856 0.86184670
  [28,]         13.39027         14.04084 1.0022620      0.8471884 1.70173785
  [29,]         13.59412         13.81358 0.9451590      0.9405297 0.35388790
  [30,]         13.63470         13.87115 0.9875568      1.0320359 0.21625268
  [31,]         13.54143         13.71267 0.9880336      0.8260472 0.54617410
  [32,]         13.57684         13.81218 0.8736072      0.7839546 1.43450973
  [33,]         13.81720         14.04184 1.1313053      0.8070148 1.27673364
  [34,]         13.49440         13.72752 0.8944770      0.9084357 1.85426428
  [35,]         13.63299         13.64316 1.0084564      0.9382206 1.31242198
  [36,]         13.65069         13.75750 0.9389252      0.8983745 0.68400023
  [37,]         13.49689         14.11923 0.9619638      0.8703216 1.15358307
  [38,]         13.56331         13.98831 0.9928298      0.8478282 1.53054237
  [39,]         13.61387         14.03184 0.8770236      0.9332715 0.41939480
  [40,]         13.64961         14.09962 0.9313446      0.8481463 1.74176248
  [41,]         13.59104         13.87403 0.8635329      0.8641022 1.04023892
  [42,]         13.54082         13.79098 0.8906435      0.8756044 1.32050858
  [43,]         13.59367         14.10956 1.0199633      0.9156119 0.38449248
  [44,]         13.78603         14.02503 0.9922837      0.8352061 1.78443890
  [45,]         13.77808         13.83365 0.8880710      0.8894389 1.74346649
  [46,]         13.56517         13.77967 0.9874594      0.8016244 1.85730841
  [47,]         13.71654         13.96668 1.0451407      0.9354355 0.68808910
  [48,]         13.75007         13.95098 0.9773034      0.9304929 0.86378943
  [49,]         13.81345         14.09521 0.9804645      0.8485126 0.77368593
  [50,]         13.54919         13.84276 1.0215416      0.9409506 1.75812072
  [51,]         13.76905         13.99744 0.9341638      0.9138622 0.79157263
  [52,]         13.73462         14.15248 1.0180715      0.9722293 0.74509736
  [53,]         13.65108         13.97437 0.9713173      0.8473530 0.78649245
  [54,]         13.77132         13.55586 0.9387725      0.8538811 1.72604054
  [55,]         13.53508         14.33072 0.9723079      0.9083219 1.18805544
  [56,]         13.38400         13.69532 0.9895811      0.8551880 1.92377772
  [57,]         13.61596         14.03280 0.9243488      0.8797871 0.85465234
  [58,]         13.75366         13.71713 0.9356297      0.9461879 1.46653959
  [59,]         13.61014         13.88725 0.9798521      0.9953764 1.52329099
  [60,]         13.97273         14.04147 0.9404861      0.8903922 1.26541011
  [61,]         13.82275         13.69247 0.9569812      0.9199777 1.42043608
  [62,]         13.55450         13.87005 1.0099139      0.8020323 0.64081903
  [63,]         13.68792         13.88795 0.9885024      0.8374305 1.74216864
  [64,]         13.68781         14.09063 1.0307944      1.1044112 1.49446195
  [65,]         13.82561         13.69719 0.9218672      0.9010773 1.69556335
  [66,]         13.56446         13.54722 0.9374457      0.8828088 0.80672695
  [67,]         13.77778         13.90704 0.9679108      0.8033885 1.03827430
  [68,]         13.57265         14.07023 0.9534345      0.8742916 1.62982030
  [69,]         13.72342         13.82133 0.9301052      0.8595863 1.34763232
  [70,]         13.73844         13.99915 1.0185382      0.9655543 0.37148772
  [71,]         13.58910         13.91845 0.9799885      0.9049577 1.37848551
  [72,]         13.57346         13.96474 0.8288406      0.8709769 1.36653119
  [73,]         13.82187         13.80109 0.9370060      0.8875585 0.63345861
  [74,]         13.63001         13.89861 0.8864256      0.8767493 0.59947752
  [75,]         13.40235         13.97066 0.9573902      0.8065285 0.95432122
  [76,]         13.75162         13.93507 0.9073575      0.8851068 1.99533073
 [ reached 'max' / getOption("max.print") -- omitted 4924 rows ]

attr(,"class")
[1] "mcmc.list"
