
Iterations = 63875:73850
Thinning interval = 25 
Number of chains = 3 
Sample size per chain = 400 

1. Empirical mean and standard deviation for each variable,
   plus standard error of the mean:

                  Mean      SD Naive SE Time-series SE
index.new[1]   0.31487 0.96340 0.027811       0.027027
index.new[2]   0.30168 0.92127 0.026595       0.027371
index.new[3]  -0.10745 0.98619 0.028469       0.028463
index.new[4]  -0.11748 0.96460 0.027846       0.027853
index.new[5]   0.23816 1.02484 0.029584       0.029607
index.new[6]   0.26194 1.04095 0.030050       0.028047
index.new[7]  -0.24350 0.91842 0.026513       0.023937
index.new[8]  -0.23663 0.92308 0.026647       0.025082
index.new[9]  -0.62474 1.00432 0.028992       0.029009
index.new[10] -0.66147 1.02872 0.029696       0.028757
index.new[11] -0.22672 1.01040 0.029168       0.027804
index.new[12] -0.24520 1.01197 0.029213       0.031939
index.new[13] -0.05134 0.97163 0.028049       0.027226
index.new[14] -0.12614 0.94225 0.027200       0.025174
index.new[15] -0.40317 1.00387 0.028979       0.028949
index.new[16] -0.46930 0.99070 0.028599       0.028612
index.new[17] -0.05986 1.04014 0.030026       0.029664
index.new[18] -0.11407 1.02178 0.029496       0.029192
mu.new[1]      0.27728 0.14346 0.004141       0.004143
mu.new[2]      0.26388 0.11662 0.003366       0.003288
mu.new[3]     -0.08741 0.26940 0.007777       0.007758
mu.new[4]     -0.10081 0.30487 0.008801       0.008969
mu.new[5]      0.28438 0.39749 0.011475       0.010617
mu.new[6]      0.27098 0.41931 0.012104       0.011679
mu.new[7]     -0.24535 0.15688 0.004529       0.004534
mu.new[8]     -0.25875 0.13969 0.004032       0.004035
mu.new[9]     -0.61004 0.28614 0.008260       0.008324
mu.new[10]    -0.62343 0.32268 0.009315       0.009251
mu.new[11]    -0.23824 0.37956 0.010957       0.010071
mu.new[12]    -0.25164 0.40469 0.011682       0.011095
mu.new[13]    -0.09049 0.15806 0.004563       0.004427
mu.new[14]    -0.10388 0.11440 0.003302       0.003304
mu.new[15]    -0.45517 0.26807 0.007738       0.007379
mu.new[16]    -0.46857 0.29548 0.008530       0.008342
mu.new[17]    -0.08338 0.38996 0.011257       0.010019
mu.new[18]    -0.09678 0.40617 0.011725       0.009787
prob[1]        0.52583 0.49954 0.014420       0.013584
prob[2]        0.90500 0.29334 0.008468       0.008792
prob[3]        0.50500 0.50018 0.014439       0.013982
prob[4]        0.99833 0.04081 0.001178       0.001179
prob[5]        0.99333 0.08141 0.002350       0.003103
prob[6]        0.87417 0.33180 0.009578       0.009526
prob[7]        0.31083 0.46303 0.013366       0.014178
prob[8]        0.11583 0.32016 0.009242       0.009041
prob[9]        0.01000 0.09954 0.002873       0.003126
prob[10]       0.49583 0.50019 0.014439       0.016210
prob[11]       0.20333 0.40265 0.011623       0.011418
prob[12]       0.06083 0.23912 0.006903       0.007151
prob[13]       0.02583 0.15870 0.004581       0.004763
prob[14]       0.01333 0.11475 0.003312       0.003468
prob[15]       0.64083 0.47996 0.013855       0.013864
prob[16]       0.24333 0.42927 0.012392       0.012193
prob[17]       0.94583 0.22644 0.006537       0.006539
prob[18]       0.72083 0.44878 0.012955       0.012502
prob[19]       0.73250 0.44284 0.012784       0.012785
prob.new[1]    0.50167 0.50021 0.014440       0.013325
prob.new[2]    0.62500 0.48432 0.013981       0.013654
prob.new[3]    0.53083 0.49926 0.014412       0.013770
prob.new[4]    0.66000 0.47391 0.013680       0.012327
prob.new[5]    0.60500 0.48905 0.014118       0.013469
prob.new[6]    0.66083 0.47362 0.013672       0.014247
prob.new[7]    0.46250 0.49880 0.014399       0.014992
prob.new[8]    0.36917 0.48278 0.013937       0.014372
prob.new[9]    0.33583 0.47248 0.013639       0.014043
prob.new[10]   0.50667 0.50016 0.014438       0.013560
prob.new[11]   0.41917 0.49363 0.014250       0.013453
prob.new[12]   0.39250 0.48851 0.014102       0.014106
prob.new[13]   0.38417 0.48660 0.014047       0.014045
prob.new[14]   0.36917 0.48278 0.013937       0.013944
prob.new[15]   0.53667 0.49886 0.014401       0.014392
prob.new[16]   0.40667 0.49142 0.014186       0.014195
prob.new[17]   0.60750 0.48851 0.014102       0.013706
prob.new[18]   0.52083 0.49977 0.014427       0.014887
prob.new[19]   0.60583 0.48887 0.014113       0.013667

2. Quantiles for each variable:

                   2.5%      25%      50%        75%     97.5%
index.new[1]  -1.649807 -0.33081  0.27765  0.9758201  2.230357
index.new[2]  -1.509075 -0.29416  0.30310  0.9274561  2.089780
index.new[3]  -2.037260 -0.78857 -0.06949  0.5462794  1.733308
index.new[4]  -1.924891 -0.79187 -0.15232  0.4987732  1.848448
index.new[5]  -1.712492 -0.45354  0.22365  0.9467797  2.249551
index.new[6]  -1.736763 -0.44460  0.27186  0.9745572  2.308713
index.new[7]  -2.064210 -0.89646 -0.28258  0.3743137  1.481968
index.new[8]  -2.010851 -0.85909 -0.25464  0.4082346  1.571389
index.new[9]  -2.571241 -1.29193 -0.64409  0.0734341  1.342413
index.new[10] -2.682598 -1.34640 -0.67578  0.0007862  1.375575
index.new[11] -2.158294 -0.93393 -0.22634  0.4178037  1.837237
index.new[12] -2.192280 -0.93801 -0.26588  0.4454377  1.726641
index.new[13] -2.018021 -0.66403 -0.04541  0.5778714  1.914979
index.new[14] -1.977944 -0.73667 -0.07519  0.5103689  1.685576
index.new[15] -2.405853 -1.07420 -0.39924  0.3074612  1.468233
index.new[16] -2.389028 -1.14147 -0.46556  0.2034446  1.514002
index.new[17] -2.048479 -0.78569 -0.03351  0.6398774  1.997221
index.new[18] -2.115011 -0.83878 -0.12227  0.5777600  1.848077
mu.new[1]     -0.000863  0.17784  0.28057  0.3759962  0.554080
mu.new[2]      0.034120  0.18779  0.26474  0.3427552  0.498340
mu.new[3]     -0.606899 -0.26151 -0.08525  0.0817762  0.453403
mu.new[4]     -0.709653 -0.29678 -0.09494  0.0932479  0.488151
mu.new[5]     -0.474599  0.01021  0.27893  0.5487362  1.058358
mu.new[6]     -0.504362 -0.01909  0.27659  0.5605961  1.086959
mu.new[7]     -0.558059 -0.34461 -0.24743 -0.1388764  0.059476
mu.new[8]     -0.554202 -0.34861 -0.25513 -0.1682874  0.008651
mu.new[9]     -1.167607 -0.79884 -0.60791 -0.4232232 -0.051851
mu.new[10]    -1.251592 -0.82999 -0.61033 -0.4202722  0.033227
mu.new[11]    -0.968035 -0.49819 -0.24771  0.0159530  0.527641
mu.new[12]    -1.013131 -0.53755 -0.25021  0.0198466  0.570755
mu.new[13]    -0.406852 -0.19464 -0.09171  0.0149724  0.232230
mu.new[14]    -0.332520 -0.17817 -0.10515 -0.0223856  0.120494
mu.new[15]    -0.996662 -0.62840 -0.45433 -0.2785343  0.078633
mu.new[16]    -1.053428 -0.66431 -0.45573 -0.2722957  0.106517
mu.new[17]    -0.853529 -0.34355 -0.09432  0.1813345  0.691646
mu.new[18]    -0.907005 -0.37695 -0.10903  0.1882904  0.683306
prob[1]        0.000000  0.00000  1.00000  1.0000000  1.000000
prob[2]        0.000000  1.00000  1.00000  1.0000000  1.000000
prob[3]        0.000000  0.00000  1.00000  1.0000000  1.000000
prob[4]        1.000000  1.00000  1.00000  1.0000000  1.000000
prob[5]        1.000000  1.00000  1.00000  1.0000000  1.000000
prob[6]        0.000000  1.00000  1.00000  1.0000000  1.000000
prob[7]        0.000000  0.00000  0.00000  1.0000000  1.000000
prob[8]        0.000000  0.00000  0.00000  0.0000000  1.000000
prob[9]        0.000000  0.00000  0.00000  0.0000000  0.000000
prob[10]       0.000000  0.00000  0.00000  1.0000000  1.000000
prob[11]       0.000000  0.00000  0.00000  0.0000000  1.000000
prob[12]       0.000000  0.00000  0.00000  0.0000000  1.000000
prob[13]       0.000000  0.00000  0.00000  0.0000000  1.000000
prob[14]       0.000000  0.00000  0.00000  0.0000000  0.000000
prob[15]       0.000000  0.00000  1.00000  1.0000000  1.000000
prob[16]       0.000000  0.00000  0.00000  0.0000000  1.000000
prob[17]       0.000000  1.00000  1.00000  1.0000000  1.000000
prob[18]       0.000000  0.00000  1.00000  1.0000000  1.000000
prob[19]       0.000000  0.00000  1.00000  1.0000000  1.000000
prob.new[1]    0.000000  0.00000  1.00000  1.0000000  1.000000
prob.new[2]    0.000000  0.00000  1.00000  1.0000000  1.000000
prob.new[3]    0.000000  0.00000  1.00000  1.0000000  1.000000
prob.new[4]    0.000000  0.00000  1.00000  1.0000000  1.000000
prob.new[5]    0.000000  0.00000  1.00000  1.0000000  1.000000
prob.new[6]    0.000000  0.00000  1.00000  1.0000000  1.000000
prob.new[7]    0.000000  0.00000  0.00000  1.0000000  1.000000
prob.new[8]    0.000000  0.00000  0.00000  1.0000000  1.000000
prob.new[9]    0.000000  0.00000  0.00000  1.0000000  1.000000
prob.new[10]   0.000000  0.00000  1.00000  1.0000000  1.000000
prob.new[11]   0.000000  0.00000  0.00000  1.0000000  1.000000
prob.new[12]   0.000000  0.00000  0.00000  1.0000000  1.000000
prob.new[13]   0.000000  0.00000  0.00000  1.0000000  1.000000
prob.new[14]   0.000000  0.00000  0.00000  1.0000000  1.000000
prob.new[15]   0.000000  0.00000  1.00000  1.0000000  1.000000
prob.new[16]   0.000000  0.00000  0.00000  1.0000000  1.000000
prob.new[17]   0.000000  0.00000  1.00000  1.0000000  1.000000
prob.new[18]   0.000000  0.00000  1.00000  1.0000000  1.000000
prob.new[19]   0.000000  0.00000  1.00000  1.0000000  1.000000

