[[1]]
Markov Chain Monte Carlo (MCMC) output:
Start = 750025 
End = 875000 
Thinning interval = 25 
              beta[1]       beta[2]       beta[3]       beta[4]       beta[5]       beta[6]
   [1,] -2.535458e-02 -1.250131e-02  2.339855e-02  0.0334750310 -2.337351e-01 -4.807646e-02
   [2,] -1.412295e-01 -3.752930e-02  1.466466e-01 -0.1985797062 -3.378692e-01 -1.375748e-01
   [3,] -1.019317e-01  4.496549e-02  8.944001e-02 -0.1259239433 -2.623783e-01 -9.418961e-02
   [4,] -3.931719e-02 -3.207297e-02  9.502237e-02 -0.2009969344 -1.251918e-01 -9.672690e-02
   [5,] -7.514359e-02  1.242234e-01  4.042213e-02 -0.1209738497 -2.529768e-01  5.885375e-02
   [6,] -7.692840e-03 -5.600069e-02  4.274866e-01 -0.2750136954 -4.003408e-01  7.506507e-02
   [7,] -3.727045e-01 -4.029379e-02 -1.374686e-01 -0.0957001952 -2.457859e-01  4.239547e-02
   [8,]  2.607566e-02  1.328323e-01 -6.903109e-02  0.0809619484  2.151779e-02 -1.257793e-01
   [9,] -1.383354e-01  2.265775e-02  2.684275e-01 -0.3197207900 -5.674196e-01  4.487969e-02
  [10,] -5.672663e-02 -8.498727e-02 -6.730391e-03  0.0033346748 -1.657253e-01 -1.064584e-01
  [11,] -3.126609e-02  6.009330e-02 -5.604382e-03 -0.0911834882 -1.213219e-01 -1.198239e-01
  [12,] -2.823623e-01 -2.362506e-01 -7.866325e-02 -0.1779827780 -4.655280e-01  8.158320e-02
  [13,] -1.483546e-01  1.288218e-02 -2.257249e-03 -0.1285886388 -2.970722e-01  6.297227e-02
  [14,] -4.006347e-01 -1.209984e-01  1.337157e-01 -0.4293965581 -3.588515e-01  8.076453e-02
  [15,] -2.024646e-01  7.165838e-02 -4.068956e-02 -0.0643404819 -3.621893e-01 -4.007341e-02
  [16,] -2.251996e-01  3.513528e-02  1.933235e-01 -0.2303253146 -2.519933e-01 -5.372433e-02
  [17,] -1.350407e-01 -5.307445e-02  4.225335e-02 -0.1292834211 -3.318811e-01  2.757293e-02
  [18,] -1.372811e-01 -1.023301e-01  1.556713e-02 -0.1696182445 -3.358436e-01 -2.361794e-02
  [19,] -7.437769e-02  1.604603e-01  1.004517e-01 -0.0273394691 -3.624786e-01 -1.056807e-01
  [20,] -5.053298e-02 -2.134397e-02 -5.222797e-02  0.0361783845 -4.084837e-01 -6.266549e-02
  [21,] -9.230120e-02  5.201518e-03 -1.223959e-01  0.0445625948 -1.687012e-01 -1.932841e-01
  [22,]  1.308171e-01  9.491813e-02  5.652588e-02  0.1384720876 -3.239289e-01 -4.682227e-02
  [23,] -4.126361e-01 -3.088667e-02  1.120428e-01 -0.4640332196 -5.863813e-02 -2.042826e-01
  [24,] -8.841187e-02 -9.144317e-02  1.704861e-01 -0.2884728601 -2.875323e-01  1.293937e-02
  [25,] -2.066355e-01  1.133149e-02  9.877142e-02 -0.2216952614 -2.821135e-01  9.230252e-02
  [26,] -5.216903e-01  8.313575e-02 -2.016362e-01 -0.2949711540 -8.348552e-02 -1.401680e-01
  [27,] -8.667060e-02 -6.671372e-02  1.342361e-01 -0.1740464633 -2.645842e-01 -7.009351e-02
  [28,] -3.676721e-01 -7.648603e-02 -2.200276e-01  0.0037652709 -3.046001e-01 -1.768602e-01
  [29,] -6.987677e-02  4.174366e-03 -3.500463e-01  0.4121574416 -1.774701e-01 -9.045871e-03
  [30,] -1.584144e-01  3.012275e-02  2.548379e-02 -0.1488873162 -3.290823e-01  1.299628e-03
  [31,] -1.539522e-01  5.585516e-02 -1.638627e-01  0.1005311862 -3.330341e-01  2.087090e-02
  [32,] -5.350941e-03  3.029614e-02 -3.304802e-01  0.3078507779 -2.789182e-01 -4.679111e-02
  [33,] -2.918998e-01 -1.554596e-01 -8.266001e-02 -0.1205238343 -4.158093e-01  1.998611e-02
  [34,]  9.537832e-02 -6.426888e-03  2.788812e-01  0.0049072550 -3.449138e-01 -4.769625e-02
  [35,] -1.878787e-02 -6.777033e-03 -1.879833e-01  0.1183953414 -3.207385e-01 -7.315142e-02
  [36,] -1.360986e-01  3.435267e-02  3.232421e-01 -0.3930233450 -2.855919e-01 -4.441208e-03
  [37,]  3.931990e-02  1.015025e-01  4.091645e-01 -0.2911090939 -3.714070e-01  3.502913e-02
  [38,] -1.012485e-01  1.511832e-01  1.565761e-01 -0.2469911504 -1.914062e-01 -1.525724e-01
  [39,] -1.602058e-01 -4.321380e-02 -4.019772e-02 -0.1208229135 -3.598341e-01 -1.112152e-01
  [40,] -1.689525e-01  3.043913e-02  2.366844e-01 -0.3436019691 -2.552396e-01 -1.617099e-03
  [41,] -2.405509e-01 -1.269410e-01  6.741673e-02 -0.1908845976 -1.982988e-01  2.692202e-02
  [42,] -1.676197e-01 -3.291822e-02  1.954508e-02 -0.0887368442 -2.346652e-01 -2.992654e-02
  [43,] -1.771098e-01  6.185015e-03  2.742268e-01 -0.3178728243 -2.022290e-01  4.355413e-02
  [44,] -2.281083e-01 -2.299676e-01  1.510463e-01 -0.2702817692 -4.025018e-01  3.671595e-02
  [45,] -3.037313e-01  1.345490e-01  1.558386e-01 -0.3288881820 -1.473486e-01 -1.039560e-01
  [46,] -5.748455e-02  2.108150e-02  1.492231e-01 -0.2493655939 -1.795438e-01 -1.577072e-01
  [47,]  4.526667e-02  3.598478e-02 -2.790729e-01  0.3735744747 -1.214196e-01 -4.303298e-02
  [48,] -2.096775e-01 -1.308071e-01  2.316687e-01 -0.3972069488 -2.868315e-01 -4.878461e-02
  [49,] -5.595612e-02  5.159449e-02  1.221951e-01 -0.0210134407 -2.560004e-01 -1.589423e-02
  [50,] -6.518893e-02 -1.966952e-02  5.497023e-02 -0.1135084938 -2.545216e-01 -1.007563e-01
  [51,] -6.019097e-02  3.278703e-02  1.011824e-01 -0.0139180017 -1.381702e-01 -2.398835e-01
  [52,] -2.584361e-01 -4.993505e-02  7.912237e-02 -0.2014929163 -2.711861e-01 -1.412328e-01
  [53,]  1.123990e-01  6.512297e-02  1.939090e-01  0.0466261741 -2.686661e-01 -9.732012e-02
  [54,] -2.517139e-01 -1.274637e-01 -2.796083e-01  0.1805297541 -3.262787e-01 -9.412762e-04
  [55,] -2.884619e-01 -1.425762e-01 -1.925968e-02 -0.3008704334 -1.151606e-01 -4.598144e-02
  [56,] -1.835490e-01 -6.170553e-02  3.356322e-01 -0.3859011778 -2.795670e-01 -5.880158e-02
  [57,] -2.308011e-01 -1.628404e-02  3.228504e-02 -0.2116568625 -2.805627e-01 -6.522592e-02
  [58,] -2.380328e-01  8.347829e-02  4.445917e-03 -0.2514882974  1.474897e-02 -2.340531e-01
  [59,] -2.755466e-01 -3.615433e-02  1.189564e-02 -0.2772639840 -4.067411e-01  8.023061e-02
  [60,]  1.020519e-02 -6.438768e-02 -1.892199e-01  0.1772955045 -3.662281e-01  7.036148e-02
  [61,] -2.435170e-01 -7.794348e-02  8.870050e-04 -0.0772143492 -2.022564e-01 -1.167410e-01
  [62,] -1.340540e-01  2.998233e-02  2.540726e-01 -0.3039371032 -2.160428e-01 -8.500574e-02
  [63,] -2.274237e-01 -1.243454e-01  2.194542e-01 -0.2277275173 -3.033970e-01 -1.604040e-01
  [64,]  1.420883e-01 -2.851350e-02 -1.019893e-01  0.3251983365 -2.783245e-01 -1.540196e-01
  [65,] -9.752298e-02  8.703456e-02 -8.172121e-02  0.0701167108 -8.312732e-02 -1.326424e-01
  [66,]  8.810194e-02 -6.529386e-03 -2.166891e-01  0.2835603226 -2.640665e-01 -1.216330e-02
  [67,] -1.828186e-01  5.850225e-03 -2.469368e-01  0.0259803409 -3.381255e-01  1.433457e-02
  [68,] -1.083330e-01 -8.375378e-02 -2.121203e-01  0.1218205446 -2.263751e-01 -8.999229e-02
  [69,]  4.310312e-02  8.907236e-02  1.503334e-03  0.0742551817 -2.538533e-01 -6.938630e-02
  [70,] -1.118174e-01 -1.507845e-01 -2.848401e-01  0.2551563176 -8.518405e-02 -2.739810e-01
  [71,] -1.850935e-01 -8.514028e-02 -1.069159e-01 -0.0804070338 -1.687100e-01 -1.442843e-01
  [72,] -1.147948e-01 -5.901942e-03  2.608256e-03  0.0021960517 -4.324929e-01  3.124174e-02
  [73,] -4.122895e-01 -1.135779e-01  3.420056e-01 -0.6950255508 -1.609138e-01  7.573434e-02
  [74,] -2.395726e-01  6.109354e-02 -2.621557e-01  0.1298968073 -1.278982e-01 -1.144475e-01
  [75,] -2.013518e-01 -7.916080e-02 -1.799220e-01  0.0403951291 -2.887635e-01 -1.774060e-01
  [76,] -1.797312e-01  1.847641e-02  8.238896e-03 -0.1403616475 -2.541828e-01 -8.663919e-02
        mulogsummer[1,1] mulogsummer[2,1] mulogsummer[1,2] mulogsummer[2,2]  sd.index
   [1,]         12.69128         13.21907         13.81475         13.91221 0.9750404
   [2,]         13.19864         13.27331         13.62042         14.02827 0.9416147
   [3,]         12.66839         13.12373         14.01837         13.57884 0.8662980
   [4,]         13.00187         13.26741         13.63533         14.11399 1.0409327
   [5,]         13.18441         13.24704         13.67887         13.86706 0.9411270
   [6,]         13.20409         13.29451         13.82092         13.60960 0.9331325
   [7,]         12.94367         13.46783         13.52637         13.86677 0.9292823
   [8,]         12.94355         13.03197         13.67047         13.70482 0.9672053
   [9,]         13.12293         13.21497         13.65653         13.94226 0.9503457
  [10,]         13.16678         13.23749         13.37023         13.93401 0.9634519
  [11,]         13.07447         13.21584         13.69575         13.70643 0.9577127
  [12,]         12.88426         13.15225         13.70183         14.04216 0.9915620
  [13,]         13.20052         13.36232         13.56938         13.85780 0.9101089
  [14,]         13.16300         13.29955         13.64320         13.89668 0.9158611
  [15,]         13.28601         13.11751         13.50297         13.65800 0.9398368
  [16,]         13.29307         13.35270         13.79835         14.19099 0.9324894
  [17,]         13.38173         13.58324         13.37166         13.77316 0.9225118
  [18,]         13.14041         13.35786         13.85208         13.75588 0.8898108
  [19,]         13.28382         13.45069         13.93857         13.70214 0.9306154
  [20,]         13.17587         13.32716         13.47088         13.72597 0.9220585
  [21,]         13.03862         13.10800         13.75173         13.87951 0.9529529
  [22,]         13.22669         12.91019         13.78583         13.83104 0.9301632
  [23,]         12.78553         13.37994         13.65831         13.93958 0.9578135
  [24,]         12.89472         13.42046         13.59844         14.11458 0.8985651
  [25,]         13.18323         13.18019         13.80208         13.72280 0.9534158
  [26,]         13.03717         13.15007         13.41937         13.81097 1.0124999
  [27,]         13.02626         13.35969         13.75028         14.17828 0.9576516
  [28,]         13.22124         13.57938         13.57774         13.77068 0.8922652
  [29,]         12.99027         13.34880         13.89175         13.63184 0.9306955
  [30,]         13.08573         13.50552         13.59840         13.52150 0.9211333
  [31,]         12.84947         13.18321         13.45963         13.73571 1.0394215
  [32,]         12.84786         13.18686         13.63065         13.87005 1.0003373
  [33,]         13.01277         13.01561         13.33421         13.83443 0.8927876
  [34,]         13.28304         13.22083         13.65147         13.93068 0.9397327
  [35,]         13.24813         13.35380         13.55200         13.90109 0.9809850
  [36,]         12.85417         13.20659         13.80761         13.89815 0.8817683
  [37,]         13.17090         13.21516         13.62267         13.98137 0.9303475
  [38,]         12.91814         13.40834         13.52334         13.99842 0.8607503
  [39,]         13.00580         13.38364         13.66959         13.87507 0.9791412
  [40,]         13.13763         12.93510         13.59084         13.83825 0.9615539
  [41,]         13.49311         13.23202         13.49949         13.95557 0.9420037
  [42,]         13.04153         13.26979         13.65985         13.71265 0.9670472
  [43,]         13.14504         13.31255         13.78969         13.91983 0.9008197
  [44,]         13.05264         13.22642         13.46347         13.70853 1.0133506
  [45,]         12.99575         13.44282         13.86985         13.87196 0.9105455
  [46,]         13.20740         13.04286         13.84627         13.92504 0.9655411
  [47,]         12.94053         13.26011         13.51429         13.72458 0.9389297
  [48,]         13.06194         13.19892         13.55097         14.00403 0.9121376
  [49,]         12.90254         13.29935         13.63233         14.00003 0.8959706
  [50,]         13.18305         13.31997         13.77300         13.91796 1.0046575
  [51,]         13.04554         13.04358         13.58738         13.99832 0.9890120
  [52,]         13.05358         13.54734         13.73352         14.04328 1.0293224
  [53,]         12.96213         13.40702         13.52528         13.75565 0.9386006
  [54,]         13.11163         13.30055         13.67348         14.00109 0.9153159
  [55,]         12.96191         12.89504         13.93033         14.04397 0.9181506
  [56,]         13.25012         13.41252         13.51683         13.99740 0.9037556
  [57,]         12.84911         13.26537         13.73913         14.02314 0.9128712
  [58,]         13.14710         13.45280         13.50074         13.65796 0.9555885
  [59,]         12.92077         13.08888         13.61497         13.62390 1.0132988
  [60,]         13.17867         13.06776         13.68105         14.00757 0.9666955
  [61,]         13.26402         13.38017         13.52909         13.72315 0.9633177
  [62,]         13.20539         13.32870         13.64031         13.68296 0.8726772
  [63,]         12.93717         12.96583         13.88602         14.07785 0.9731476
  [64,]         13.28111         13.23592         13.81744         13.64830 1.0232074
  [65,]         12.93550         13.52075         13.63097         13.90155 0.9697087
  [66,]         12.72313         13.12423         13.82465         13.99640 0.9483897
  [67,]         12.95698         13.02415         13.53005         13.99067 0.8871080
  [68,]         13.00562         13.23317         13.45183         13.91999 0.8516334
  [69,]         13.24676         13.30619         13.68836         13.72810 0.8952153
  [70,]         13.02841         13.46016         13.61818         14.07368 0.9835346
  [71,]         12.88731         13.17854         13.49221         13.90312 0.9670807
  [72,]         12.99987         13.13490         13.46389         13.87432 0.9829865
  [73,]         12.85094         13.75937         13.77642         13.73361 0.9739465
  [74,]         12.96334         13.19289         13.62935         13.98268 1.0034183
  [75,]         13.19359         13.23598         14.02533         13.74008 0.8753195
  [76,]         12.60580         13.39680         13.63255         13.77914 0.9727540
        sigmalogsummer t.sd.index
   [1,]      0.8892501 0.88647587
   [2,]      0.8768225 1.68923663
   [3,]      0.8809050 1.38260987
   [4,]      0.9045301 0.86585136
   [5,]      0.8375375 1.53355697
   [6,]      0.9002385 1.17023632
   [7,]      0.9469481 1.38179344
   [8,]      0.9544912 1.07996159
   [9,]      0.9323712 1.85739027
  [10,]      0.9032089 1.92108671
  [11,]      0.8159035 1.47018169
  [12,]      0.8253757 1.07503837
  [13,]      0.9191076 0.80377804
  [14,]      0.8627692 1.97617153
  [15,]      0.9030064 1.88892026
  [16,]      0.9483596 1.37491282
  [17,]      0.8533262 0.86965517
  [18,]      0.8538922 1.69733560
  [19,]      0.9039292 0.81706087
  [20,]      0.9138153 1.94256191
  [21,]      0.8673777 0.81319968
  [22,]      1.0859775 1.36477907
  [23,]      0.9191981 0.73209023
  [24,]      0.9018144 1.10132171
  [25,]      0.8759549 0.46640501
  [26,]      1.0127748 1.61070487
  [27,]      0.8105060 1.39443631
  [28,]      0.8257141 1.41922918
  [29,]      0.8821857 1.81488212
  [30,]      0.8619016 1.30757601
  [31,]      0.8343097 1.12428125
  [32,]      0.8403866 0.65108338
  [33,]      0.8828599 1.43694601
  [34,]      0.8184492 0.19755012
  [35,]      1.0175861 0.68479797
  [36,]      0.9404757 0.73185441
  [37,]      0.8700133 1.42272009
  [38,]      0.9121933 1.32553270
  [39,]      0.8094241 1.53719181
  [40,]      0.8152161 0.93999586
  [41,]      0.9081023 0.43374698
  [42,]      0.8452631 0.61334662
  [43,]      1.0732496 1.00096641
  [44,]      0.9266477 1.73682305
  [45,]      0.9333286 1.95828101
  [46,]      0.9282583 0.90845127
  [47,]      0.8536291 0.34856741
  [48,]      0.8940337 1.36411178
  [49,]      0.8213071 0.98045526
  [50,]      0.9431097 0.51301683
  [51,]      0.8908875 0.41447556
  [52,]      0.8776879 0.61945240
  [53,]      0.8397409 1.39354749
  [54,]      0.8902368 1.05757604
  [55,]      0.8531679 0.58729549
  [56,]      0.7969102 1.62038563
  [57,]      0.9114441 0.63731000
  [58,]      0.8587559 0.48460089
  [59,]      0.9347774 0.24455338
  [60,]      0.8827419 1.41997692
  [61,]      0.8464424 1.39796216
  [62,]      0.8562908 1.54228248
  [63,]      0.8684934 1.32145151
  [64,]      0.9309950 1.13758572
  [65,]      0.8500019 1.85043263
  [66,]      0.8596943 0.46099865
  [67,]      0.9962844 1.55202474
  [68,]      0.9390625 1.76523506
  [69,]      0.8622372 0.11438517
  [70,]      0.8660595 0.57742707
  [71,]      0.8868622 0.75151152
  [72,]      0.8562454 1.27822617
  [73,]      0.9696654 1.15129202
  [74,]      0.9213798 1.45923202
  [75,]      0.8512628 1.56067495
  [76,]      0.9093042 1.49461805
 [ reached 'max' / getOption("max.print") -- omitted 4924 rows ]

[[2]]
Markov Chain Monte Carlo (MCMC) output:
Start = 750025 
End = 875000 
Thinning interval = 25 
              beta[1]       beta[2]       beta[3]       beta[4]      beta[5]       beta[6]
   [1,] -2.732959e-01  1.444340e-02 -1.914182e-01 -1.038952e-01 -0.279959256 -9.533671e-02
   [2,] -2.167169e-01 -1.056474e-01  2.360147e-02 -7.586255e-02 -0.260963585 -1.600461e-02
   [3,] -9.234989e-02  5.130318e-02 -1.824764e-01  1.983745e-01 -0.197429778 -8.557800e-02
   [4,] -2.561649e-01 -3.315265e-02 -1.625800e-01 -1.073900e-01 -0.043289233 -1.438701e-01
   [5,] -1.372588e-01  5.522257e-02 -9.963678e-03 -2.153770e-01 -0.300301601 -7.387623e-02
   [6,] -1.220131e-01  6.644265e-02  8.855343e-02 -1.818206e-01 -0.365644865  4.143051e-02
   [7,] -1.837011e-01  2.421329e-02  1.766526e-01 -2.150693e-01 -0.316519578 -3.958656e-02
   [8,]  9.994004e-03  3.103329e-02  2.615514e-01 -1.427884e-01 -0.372325169  1.856393e-01
   [9,] -2.643947e-01  3.732626e-02 -1.836463e-02 -1.439078e-01 -0.228296836 -2.097473e-01
  [10,]  1.351803e-01 -1.870355e-02  1.277500e-01  1.619238e-01 -0.312763330 -5.256061e-02
  [11,]  2.755856e-02  1.276995e-01  2.249197e-01 -2.079636e-01 -0.047771252 -1.842179e-01
  [12,] -1.487716e-01  8.562472e-02  2.867649e-01 -3.399523e-01 -0.207365897  5.857813e-02
  [13,] -5.302380e-02 -2.949917e-02 -1.897802e-01  7.465250e-02 -0.251044173 -7.961344e-02
  [14,]  2.839195e-02  1.301507e-01  3.258149e-01 -2.024586e-01 -0.175757454  2.430366e-02
  [15,] -7.852082e-02 -9.636262e-02 -1.346322e-01  9.908230e-02 -0.542388025  1.858647e-01
  [16,] -1.913355e-01 -6.223668e-02  3.568225e-01 -4.273952e-01 -0.233415995 -3.928098e-02
  [17,] -1.846369e-01 -4.855859e-02  7.195347e-02 -2.450727e-01 -0.386323708  1.139192e-01
  [18,] -2.916367e-02  1.605057e-01 -1.899138e-01  1.927842e-01 -0.055098497 -1.708984e-01
  [19,] -2.213650e-02 -4.629930e-02  1.935101e-01 -2.138294e-01 -0.416694149 -2.270993e-02
  [20,] -2.742180e-01 -1.642020e-01  2.038425e-01 -3.184464e-01 -0.394360806 -1.082105e-02
  [21,] -1.911646e-01 -6.184249e-02  2.167382e-01 -3.144652e-01 -0.305477230 -6.147126e-02
  [22,] -1.029227e-01 -1.083683e-01 -2.366741e-01  3.008362e-01 -0.290584868 -9.799658e-02
  [23,]  1.405227e-01 -9.653380e-03  1.850708e-01 -1.207051e-01 -0.318917644  4.553019e-02
  [24,] -2.072105e-02  9.176478e-02  1.341270e-02 -1.597491e-01 -0.308019450  1.757729e-02
  [25,] -1.457104e-01 -1.695568e-01  4.127669e-02 -1.372886e-01 -0.194481357 -2.410474e-01
  [26,]  1.231465e-01  1.085258e-01 -6.261470e-02  2.063122e-01 -0.260121643 -6.338297e-02
  [27,] -2.161285e-01  2.507735e-02 -2.897506e-02 -1.964203e-01 -0.270487142 -9.771997e-02
  [28,]  1.685483e-02 -6.007372e-02 -1.220615e-02  1.842287e-01 -0.411163184 -6.753429e-02
  [29,] -1.066025e-01  1.159967e-01 -2.485241e-01  1.477645e-01 -0.169103775  1.573888e-02
  [30,] -4.104925e-01  4.992411e-02  1.735092e-01 -6.269474e-01 -0.041015373 -1.234374e-01
  [31,]  1.675712e-01  2.395540e-01 -1.548324e-01  2.700180e-01 -0.153559723 -1.124445e-01
  [32,] -1.083253e-01  7.684344e-02  3.300573e-01 -3.125255e-01 -0.306656724  2.555218e-02
  [33,] -4.065976e-02  1.119528e-01 -1.296418e-01  7.017809e-02 -0.018246223 -3.475321e-01
  [34,] -1.907178e-01 -9.082987e-02  2.221021e-01 -2.955929e-01 -0.454452607  1.153549e-01
  [35,] -8.512827e-02 -4.137846e-02  1.402918e-01 -1.909176e-01 -0.240770357 -5.627048e-02
  [36,]  1.817987e-02  8.480265e-02  2.668178e-01 -2.288745e-01 -0.372635307 -1.348751e-01
  [37,] -1.398441e-02 -1.824341e-02  5.526755e-03 -7.693685e-02 -0.372954928  6.384764e-02
  [38,]  1.049059e-01 -5.990626e-03 -1.386307e-01  2.392546e-01  0.024335628 -1.789158e-01
  [39,] -2.307397e-01  1.771982e-02  3.395934e-01 -5.745257e-01 -0.253777846  6.025414e-02
  [40,] -3.531165e-02  1.542722e-01 -5.234209e-02  6.881093e-02 -0.315880142  2.221800e-02
  [41,] -1.585872e-01 -9.345015e-03 -8.694594e-03 -1.690545e-01 -0.279500656 -4.194134e-02
  [42,] -3.798409e-01  3.583267e-02 -1.601144e-01 -1.848616e-01 -0.091812944 -7.614110e-02
  [43,] -2.401412e-01  4.965879e-02  4.092506e-03 -2.243053e-01 -0.355016681  3.046634e-02
  [44,] -2.012701e-01 -1.845048e-02 -1.667380e-01 -7.052944e-03 -0.283498219 -9.362744e-02
  [45,]  4.464374e-02 -4.581268e-02 -2.367833e-02  1.889938e-01 -0.308280620 -1.126634e-02
  [46,] -8.672154e-02 -7.887520e-02  1.681733e-01 -1.567745e-01 -0.341194990 -7.790691e-02
  [47,] -1.974121e-01 -8.926580e-02  5.366278e-03 -1.750696e-01 -0.303711384  5.406161e-02
  [48,] -8.004528e-02 -1.107028e-01  9.899713e-02 -1.423176e-01 -0.343410289  4.058884e-02
  [49,]  1.078986e-01 -1.499430e-02  3.867980e-02  7.851514e-02 -0.292197358  6.825831e-02
  [50,]  5.156585e-02 -6.810714e-02 -2.069512e-01  2.675974e-01 -0.338395410 -9.206721e-03
  [51,] -2.832308e-01 -1.130138e-01 -2.413616e-01  3.540465e-02 -0.244245204 -1.272639e-01
  [52,] -8.096518e-02  1.090290e-01 -1.536326e-01  2.240153e-01 -0.107260815  4.292902e-02
  [53,] -1.120218e-01  1.764201e-03  2.319983e-02 -1.360535e-01 -0.304012183 -8.471861e-02
  [54,] -1.987619e-01 -1.909946e-02 -1.641374e-01  3.555114e-02 -0.174856449 -1.574195e-01
  [55,]  1.687603e-01  1.429641e-02 -7.416380e-02  2.771376e-01 -0.168773641 -4.527742e-02
  [56,] -1.661556e-01  3.298628e-02 -3.115178e-02 -4.528715e-02 -0.301912227 -5.299108e-02
  [57,] -1.484056e-01 -1.211107e-01 -2.597607e-01  2.423103e-01 -0.295217617 -8.730269e-02
  [58,] -1.933071e-01  1.205251e-02 -2.772730e-01  6.395866e-02 -0.120851939 -1.569258e-01
  [59,] -6.417453e-02 -8.134230e-02  6.669828e-02 -6.461753e-02 -0.187870969 -1.409655e-01
  [60,] -8.379383e-02 -2.416648e-02  8.884066e-02 -5.109429e-02 -0.428325011  7.440553e-02
  [61,] -2.673002e-01 -3.820262e-02 -1.834391e-01  2.764062e-02 -0.118438876 -7.233117e-02
  [62,] -7.358151e-02  1.253244e-01 -3.331362e-01  1.932204e-01 -0.146618639 -1.174872e-01
  [63,] -3.005945e-01 -1.958345e-01 -2.263732e-01 -4.356496e-02 -0.227670088 -4.721130e-02
  [64,]  3.217486e-04 -1.475735e-02 -3.257972e-02  5.264221e-03 -0.263191545 -8.146209e-02
  [65,]  3.258746e-03  1.566742e-01  6.143442e-02  4.653286e-02 -0.246096678  6.550750e-03
  [66,] -1.278412e-01  1.168209e-01  1.239234e-01 -2.922254e-01 -0.446506846  3.108893e-02
  [67,] -3.206802e-01  3.122138e-03 -1.281453e-01 -2.689898e-01  0.089103785 -2.455563e-01
  [68,] -3.570327e-01 -1.207557e-01  5.055393e-02 -3.795800e-01 -0.106070117 -2.195048e-01
  [69,] -2.223591e-01 -8.661890e-02 -1.755040e-02 -1.526267e-01 -0.192168529 -7.701351e-02
  [70,] -2.997844e-01 -2.772951e-02 -2.401532e-01  4.414318e-02 -0.134912432 -1.711326e-01
  [71,] -2.285409e-01 -1.299352e-01  3.332742e-01 -4.774452e-01 -0.292268265 -5.371714e-02
  [72,] -1.094135e-01  1.960870e-02  6.664765e-03 -7.040714e-02 -0.338422205  7.867219e-02
  [73,]  7.251759e-02  1.090158e-01 -1.466395e-01  2.645068e-01 -0.187824942 -1.205033e-02
  [74,] -1.882084e-01  1.296134e-01 -3.221906e-02 -1.002326e-01 -0.102356016 -6.094628e-02
  [75,]  4.725312e-02  6.194318e-02  3.135450e-02  9.810401e-02 -0.235630001 -1.021685e-01
  [76,] -9.552972e-02 -9.479993e-02 -1.198018e-01  5.537242e-02 -0.426296388  4.530686e-02
        mulogsummer[1,1] mulogsummer[2,1] mulogsummer[1,2] mulogsummer[2,2]  sd.index
   [1,]         12.87261         13.16025         13.64566         13.90170 0.9060076
   [2,]         13.11920         13.27607         13.57599         13.94766 0.9788984
   [3,]         13.30129         13.21344         13.33870         13.97128 0.9481787
   [4,]         13.18429         13.11935         13.76306         13.94114 0.9940453
   [5,]         13.11691         13.42761         13.83063         13.71335 1.0085902
   [6,]         13.29766         13.09107         13.54129         13.70931 0.9707882
   [7,]         13.29842         13.37221         13.39816         13.65299 1.0026021
   [8,]         13.00243         13.25504         13.59390         14.12192 0.8578381
   [9,]         13.05719         13.42092         13.68792         13.80590 0.8798654
  [10,]         13.19589         13.26666         13.56747         14.00800 0.8970273
  [11,]         13.05008         13.25413         13.90678         13.76354 0.9494497
  [12,]         13.18587         13.37718         13.74166         13.76865 0.9636635
  [13,]         13.13537         13.45976         13.77513         13.61085 0.9172380
  [14,]         12.86134         13.08818         13.65779         13.85449 1.0044791
  [15,]         13.23017         13.08745         13.45229         14.01909 0.8827643
  [16,]         12.85912         13.21670         13.59611         14.01545 0.9930642
  [17,]         13.07250         13.19340         13.79364         13.86993 0.9819032
  [18,]         13.04606         13.14153         13.72642         13.85238 0.8950897
  [19,]         13.10048         13.45085         13.64382         13.97277 0.9250576
  [20,]         13.20769         13.41195         13.81159         13.96200 0.9087882
  [21,]         13.21084         13.36353         13.50336         13.75985 0.8927978
  [22,]         13.11900         13.58333         13.72758         13.98504 0.9456260
  [23,]         12.67519         13.51185         13.70786         13.78943 0.9487624
  [24,]         13.29581         13.37156         13.40493         13.77421 0.9301955
  [25,]         13.24987         13.32137         13.72118         13.88458 1.0545990
  [26,]         12.98420         13.51199         13.68822         13.64115 0.9909189
  [27,]         12.84312         13.19329         13.63034         13.95902 0.9116993
  [28,]         12.94130         13.36668         13.58132         13.84616 0.9868113
  [29,]         12.84596         13.48195         13.66059         13.93728 0.9816506
  [30,]         12.88223         13.32599         13.58200         14.11218 0.9370589
  [31,]         12.84346         13.33656         13.78590         13.63063 0.9965707
  [32,]         12.93387         13.32500         13.74546         13.82852 0.9294759
  [33,]         13.14500         13.20976         13.75359         13.88655 0.9633322
  [34,]         12.93848         13.18401         13.86022         13.74554 0.9049814
  [35,]         13.06224         13.09565         13.66659         14.23895 0.9623684
  [36,]         13.21158         13.40630         13.75753         13.74452 0.9660015
  [37,]         12.87089         13.55395         13.51057         13.71517 0.9224832
  [38,]         13.03330         13.20588         13.74374         13.89194 1.0490081
  [39,]         12.97935         13.36260         13.64631         13.94569 0.9595038
  [40,]         12.84928         13.37022         13.54037         14.09408 0.9084107
  [41,]         12.98444         13.25466         13.40554         13.78957 0.9367643
  [42,]         13.13260         13.48469         13.42081         13.98505 1.0230601
  [43,]         12.81327         13.12884         13.85876         13.87105 0.9011691
  [44,]         13.26272         13.43243         13.35935         14.08963 0.9411847
  [45,]         13.22842         13.22956         13.58573         14.00852 0.9732951
  [46,]         13.09143         13.42057         13.58905         14.09261 0.9089632
  [47,]         12.91059         13.58119         13.74484         13.82350 0.8721106
  [48,]         13.21159         13.31276         13.61682         13.66173 0.8460786
  [49,]         12.85550         13.00930         13.69845         13.77133 0.9665905
  [50,]         13.18336         13.41372         13.65510         13.77738 0.9412688
  [51,]         12.99325         12.90463         13.74778         13.83209 1.0045488
  [52,]         13.19639         13.56267         13.95195         13.89282 0.9874998
  [53,]         12.95807         13.29168         13.56412         13.76425 0.9298821
  [54,]         13.18319         13.18100         13.76666         13.82791 0.9422891
  [55,]         13.03454         13.40471         13.63244         13.82413 0.9894342
  [56,]         12.88641         13.35846         13.41360         13.74079 0.9025910
  [57,]         13.23096         13.37482         13.80819         14.03501 0.9127531
  [58,]         12.94000         13.22430         13.71902         13.58039 0.9536509
  [59,]         12.74585         12.94671         13.75785         13.86350 0.8995569
  [60,]         12.99474         13.14797         13.86261         13.54814 0.8802662
  [61,]         13.08297         13.08714         13.68950         13.72212 0.9694622
  [62,]         13.14088         13.43446         13.65485         13.75584 0.9891204
  [63,]         12.73433         13.29200         13.57726         13.84593 0.9538326
  [64,]         12.72173         13.43366         13.84094         13.77926 0.8742639
  [65,]         13.06970         13.15939         13.31480         13.66570 0.9277253
  [66,]         12.99129         13.43373         13.54740         13.82190 0.8864415
  [67,]         12.56329         13.33516         13.78495         13.91029 1.0347348
  [68,]         13.01697         13.42862         13.87594         14.04615 0.9659613
  [69,]         13.15066         13.33263         13.58915         13.94694 0.9313435
  [70,]         13.26702         13.27664         13.80435         13.97186 1.0116723
  [71,]         13.03872         13.12115         13.71988         14.03720 0.8968379
  [72,]         13.29789         13.47444         13.48046         14.13887 0.9480703
  [73,]         12.93668         13.14101         13.62115         14.00467 0.9331385
  [74,]         13.05844         13.22286         13.56574         14.00885 0.9439374
  [75,]         12.77172         13.38187         13.62792         13.90110 0.8996688
  [76,]         13.30349         13.08607         13.81804         13.72582 1.0082199
        sigmalogsummer  t.sd.index
   [1,]      0.7972604 0.402778518
   [2,]      0.9512244 0.328068488
   [3,]      0.8682277 1.465489938
   [4,]      0.8558455 1.345474816
   [5,]      0.9198460 0.873896444
   [6,]      0.8809637 1.213335980
   [7,]      0.9665454 1.825109491
   [8,]      0.8497582 1.135062209
   [9,]      0.9286098 0.279692604
  [10,]      0.8742341 1.760875854
  [11,]      0.8999778 1.516967449
  [12,]      0.8569642 1.037881730
  [13,]      0.9631766 0.694022900
  [14,]      0.8184938 1.054361912
  [15,]      0.8732435 0.559201521
  [16,]      1.0158601 0.324812802
  [17,]      0.8756777 1.497411399
  [18,]      0.9180871 0.266764597
  [19,]      0.9141486 0.597649884
  [20,]      0.8515858 0.417481223
  [21,]      0.8090914 1.997773505
  [22,]      0.9194427 0.437281089
  [23,]      0.8961798 1.229032443
  [24,]      0.8886470 1.131836167
  [25,]      0.8819595 1.870700122
  [26,]      0.8534071 1.553423790
  [27,]      0.8644189 0.801232321
  [28,]      0.8399074 0.740514577
  [29,]      0.8680365 0.917080438
  [30,]      0.8401546 0.982322656
  [31,]      0.8535182 1.835769118
  [32,]      0.8678838 0.706593883
  [33,]      0.8965914 1.531161228
  [34,]      0.9149128 1.450095013
  [35,]      0.9185496 1.180259547
  [36,]      0.8102853 1.389574328
  [37,]      0.9113780 0.616053188
  [38,]      0.8639181 1.521864873
  [39,]      0.8470998 1.655696717
  [40,]      0.8920525 1.337961255
  [41,]      0.8871048 0.607504993
  [42,]      0.9757375 1.957207249
  [43,]      0.9780237 1.065801289
  [44,]      0.8720850 0.853752490
  [45,]      0.8499829 0.372933612
  [46,]      0.8051295 1.638468858
  [47,]      0.8986439 0.181486110
  [48,]      0.8570515 1.749218930
  [49,]      0.8605144 0.691781965
  [50,]      0.8875584 1.280971448
  [51,]      0.8785391 0.767020191
  [52,]      0.9953290 1.065687695
  [53,]      0.9200241 0.254563827
  [54,]      0.8749303 1.113568198
  [55,]      0.8911431 0.426368591
  [56,]      0.9422051 1.692252324
  [57,]      0.9175565 0.920166972
  [58,]      0.8676054 1.793883578
  [59,]      0.8622900 0.864615080
  [60,]      0.9072317 1.036896629
  [61,]      0.8874976 0.770099502
  [62,]      0.9362184 1.727885494
  [63,]      0.8254357 1.996000166
  [64,]      0.9181322 1.996838205
  [65,]      0.9966487 0.947378132
  [66,]      0.8250649 1.033790060
  [67,]      0.9834731 1.145494743
  [68,]      0.9299884 1.023313932
  [69,]      0.9218141 0.541798080
  [70,]      0.8510944 1.551378347
  [71,]      0.7966214 0.917661657
  [72,]      0.8315271 0.300853532
  [73,]      0.8661260 0.522487523
  [74,]      0.8273613 1.678100200
  [75,]      0.7878623 0.480960337
  [76,]      0.8976095 0.006364725
 [ reached 'max' / getOption("max.print") -- omitted 4924 rows ]

[[3]]
Markov Chain Monte Carlo (MCMC) output:
Start = 750025 
End = 875000 
Thinning interval = 25 
              beta[1]       beta[2]       beta[3]       beta[4]       beta[5]       beta[6]
   [1,] -8.341861e-02 -1.100440e-01 -1.008372e-01  1.604596e-01 -4.526496e-01  8.430155e-02
   [2,] -1.754879e-01  1.522474e-01  3.020048e-01 -4.028239e-01 -1.127562e-01 -8.852495e-02
   [3,] -8.282706e-02  1.441835e-03 -5.597763e-02  1.428575e-01 -3.277993e-01 -8.214803e-02
   [4,] -6.336276e-02 -4.763376e-02 -2.691515e-01  3.162442e-01 -2.925912e-01 -1.111719e-01
   [5,] -1.696606e-01 -5.663155e-03 -1.395012e-01  6.580273e-02 -3.487780e-01  9.975319e-02
   [6,] -3.299156e-01 -5.537748e-02 -1.755079e-01 -1.046219e-01 -3.919901e-01  6.999752e-02
   [7,] -1.520730e-01  8.498891e-02 -2.986353e-01  9.868703e-02 -1.332291e-01 -7.007883e-02
   [8,] -8.068413e-02  6.868470e-02 -7.973343e-03 -2.942739e-03 -2.975734e-01 -6.045489e-02
   [9,] -2.620374e-01  6.143643e-02  9.502570e-02 -3.856924e-01 -3.508411e-01  1.063321e-01
  [10,]  5.870669e-02 -1.307007e-02  1.035117e-01 -8.637934e-03 -2.866654e-01 -1.142306e-01
  [11,] -2.723851e-01  4.304526e-02  1.991651e-01 -2.927348e-01 -3.059911e-01 -2.626548e-02
  [12,] -2.629415e-01 -7.133187e-02 -1.052579e-01 -5.460582e-02 -3.158988e-01 -1.267418e-01
  [13,] -1.097166e-01 -2.133314e-02  2.595539e-01 -2.996445e-01 -3.187988e-01 -4.313377e-02
  [14,] -1.063261e-01  3.124413e-03  1.284123e-01 -2.515127e-01 -9.162049e-02 -1.084204e-02
  [15,] -2.278782e-01  2.416949e-02  9.581356e-02 -2.590398e-01 -2.825133e-01  7.897163e-02
  [16,] -8.133727e-02 -2.852755e-02  1.499038e-01 -1.134792e-01 -2.467591e-01 -4.472903e-02
  [17,] -1.104242e-01 -5.972888e-02  6.585087e-02 -1.879601e-01 -9.455681e-02 -1.058519e-01
  [18,] -1.409957e-01 -6.055988e-02 -4.321394e-01  4.372411e-01 -3.347114e-01 -3.631730e-02
  [19,] -2.697073e-01 -6.686872e-03 -6.766317e-02 -2.321645e-01 -2.290647e-01 -5.327247e-02
  [20,] -3.545506e-01 -2.170355e-01  7.319770e-02 -3.286865e-01 -4.519165e-01 -9.088872e-02
  [21,] -1.004298e-01  1.045001e-01  1.217056e-01 -5.497525e-02 -1.967277e-01 -2.194547e-01
  [22,] -2.141849e-01  8.842188e-02 -1.693379e-01  4.723956e-02 -2.385231e-01 -4.903877e-02
  [23,] -2.201068e-01 -1.594215e-02  2.878576e-01 -4.622881e-01 -3.535963e-01  4.772730e-02
  [24,] -3.395735e-02  1.245514e-01 -1.859660e-01  1.572213e-01 -2.458894e-01 -4.699399e-02
  [25,] -1.341021e-01 -2.607244e-02  4.916463e-02 -1.477707e-01 -3.299668e-01  1.113171e-02
  [26,]  8.283358e-03 -3.451189e-02 -1.865161e-01  2.366640e-01 -2.468353e-01 -1.040267e-01
  [27,] -3.097165e-01 -8.993110e-02  1.387267e-01 -4.491914e-01 -2.159362e-01 -1.180934e-01
  [28,] -6.694388e-02  8.221815e-02 -8.212881e-02  1.661152e-02 -1.937988e-01  1.631978e-02
  [29,] -1.940882e-01 -2.515522e-02  2.117700e-01 -2.700088e-01 -3.467377e-01 -1.246075e-01
  [30,] -4.613122e-02  8.104992e-02 -4.152407e-02  6.308181e-02 -3.245921e-01 -4.766618e-02
  [31,] -5.064898e-02  7.815464e-02 -7.193727e-02 -1.418788e-02 -1.157462e-01 -2.891483e-01
  [32,]  1.240538e-01  6.064384e-02  2.695689e-02  2.275520e-01 -4.068953e-01 -1.519661e-02
  [33,] -1.788458e-01  3.651708e-02 -3.196006e-01  2.476454e-01 -2.980742e-01 -8.014202e-02
  [34,]  1.074796e-02 -1.134199e-02  2.251433e-01 -2.208718e-01 -2.348413e-01 -6.327138e-02
  [35,]  2.140417e-02 -2.244474e-03 -2.597312e-01  3.028015e-01 -3.070853e-01 -5.106084e-03
  [36,] -8.392997e-02  4.661946e-02 -6.975952e-02 -7.077081e-02 -1.109153e-01 -1.133226e-01
  [37,] -1.955711e-01 -5.867276e-03  6.208363e-02 -2.627567e-01 -2.307419e-01 -6.424199e-02
  [38,] -5.325807e-03  9.338290e-03 -2.168774e-01  1.964417e-01 -4.606475e-01  1.129749e-01
  [39,] -8.054033e-02  9.895408e-03 -1.804893e-01  1.987126e-01 -2.013157e-01 -6.831474e-02
  [40,] -2.510462e-01 -4.693998e-02 -5.964234e-03 -1.760915e-01 -2.437185e-01 -2.201800e-01
  [41,] -3.423258e-01 -2.649096e-02 -1.926851e-01 -9.842419e-02 -1.145161e-01 -2.015861e-01
  [42,]  9.176201e-02  8.517977e-02 -1.324561e-02  5.564612e-02 -2.603038e-01 -6.468984e-02
  [43,] -2.247736e-01 -3.082844e-02  2.442417e-01 -3.231241e-01 -3.028095e-01  5.274455e-02
  [44,] -7.940595e-02 -1.153506e-01  1.037062e-01 -3.766835e-02 -2.471920e-01 -1.363365e-01
  [45,]  4.729723e-02 -5.338237e-02  2.898810e-01 -1.072890e-01 -4.005953e-01  2.925868e-03
  [46,] -2.461635e-01  4.622106e-02 -1.553776e-01  2.955147e-03 -6.862789e-02 -2.154102e-01
  [47,] -2.527607e-01 -1.383544e-01 -2.011062e-01 -1.465410e-01 -1.901378e-01 -1.958448e-01
  [48,] -2.157206e-01  2.931073e-02  8.786806e-02 -2.972891e-01 -1.964531e-01  1.318378e-03
  [49,] -5.451704e-02 -5.644882e-02 -3.215704e-01  3.536437e-01 -3.205045e-01  4.758260e-03
  [50,] -4.053037e-01  9.683154e-02  5.169406e-02 -2.829425e-01 -2.045392e-01 -9.404864e-02
  [51,] -1.841458e-01  1.178767e-01  8.968079e-02 -2.360829e-01 -1.364270e-01 -1.150038e-01
  [52,]  6.098402e-02  1.513905e-01  7.557919e-02  1.964158e-03 -1.589991e-01 -8.029908e-02
  [53,] -1.076100e-01 -5.758706e-02 -3.037785e-02  2.375418e-02 -2.079520e-01 -2.175997e-01
  [54,]  1.269612e-02  1.228059e-01  1.348946e-01 -3.761735e-02 -4.115885e-01 -1.689572e-02
  [55,] -3.259815e-02  1.769482e-02  2.326606e-01 -2.724212e-01 -2.450686e-01 -4.520716e-02
  [56,] -2.378667e-01 -5.536317e-02  2.292006e-01 -4.141888e-01 -1.398021e-01 -1.701912e-01
  [57,] -3.262285e-02 -1.142398e-03  3.529564e-02 -3.557671e-02 -2.371841e-01 -8.218468e-03
  [58,]  2.121675e-02  1.092332e-01  1.460024e-01 -1.473082e-01 -3.433389e-01  9.015310e-02
  [59,] -2.884622e-02  1.038411e-01  1.751679e-01 -2.349040e-02 -2.392107e-01 -1.946376e-01
  [60,] -1.318862e-01 -5.846945e-03 -7.646920e-02  3.051567e-02 -2.385004e-01 -6.269919e-02
  [61,] -1.933794e-01 -1.357882e-02 -2.090811e-01  1.953404e-01 -3.139427e-01  5.492952e-02
  [62,] -1.067028e-01 -1.175787e-01 -4.604669e-03 -4.450529e-02 -4.670310e-01  5.024938e-03
  [63,] -9.760044e-02  3.185724e-02  1.204524e-01 -2.379040e-01 -2.617364e-01 -1.018789e-01
  [64,] -2.419843e-01 -1.971406e-01 -1.820200e-01 -3.362159e-02 -2.668723e-01 -1.571946e-01
  [65,] -2.751850e-01 -1.275485e-01  1.307301e-01 -3.776347e-01 -4.049104e-01  5.235935e-02
  [66,]  1.142634e-02 -1.762386e-01 -2.504849e-01  2.941660e-01 -3.786590e-01 -2.049837e-04
  [67,]  1.181918e-01  7.480901e-02  1.988488e-02  7.628780e-02 -2.887161e-01 -2.822975e-02
  [68,] -1.402156e-01 -3.554153e-02  2.796408e-01 -3.843614e-01 -2.989905e-01 -6.670598e-02
  [69,] -1.341157e-01 -2.632245e-03  1.644999e-01 -2.010103e-01 -3.006685e-01 -9.444216e-02
  [70,]  3.391797e-02 -3.667190e-02  3.293853e-02  7.448185e-02 -5.216661e-01  6.839668e-02
  [71,] -1.115851e-01 -1.184131e-01 -1.038897e-01  1.135722e-01 -3.159438e-01 -4.772780e-02
  [72,] -1.249007e-01 -2.252939e-02  3.085629e-01 -3.348116e-01 -3.115821e-01  2.885671e-02
  [73,] -9.721349e-03  4.671540e-03 -1.531534e-01  2.250572e-01 -3.912395e-01 -7.126160e-02
  [74,]  5.910754e-02  7.821063e-02 -2.338847e-01  3.467628e-01 -1.372047e-01 -7.552211e-02
  [75,] -1.196737e-01 -1.347680e-01 -1.975007e-01  8.694744e-02 -4.365955e-01  9.208294e-02
  [76,] -2.295086e-02  2.261403e-02  1.282545e-01  1.213321e-02 -2.614798e-01  8.599395e-03
        mulogsummer[1,1] mulogsummer[2,1] mulogsummer[1,2] mulogsummer[2,2]  sd.index
   [1,]         13.03549         13.26110         13.69278         13.81702 0.9388372
   [2,]         13.35332         13.41707         13.50562         13.88251 0.9000015
   [3,]         13.33353         13.13165         13.66838         13.92929 0.9806277
   [4,]         13.15543         13.10298         13.57755         13.82273 0.9483988
   [5,]         13.23492         13.47083         13.61767         13.84841 0.9238396
   [6,]         13.04004         13.41127         13.87714         14.04668 0.9694462
   [7,]         12.61892         13.21867         13.97626         13.90575 0.9301757
   [8,]         13.19058         13.00263         13.88529         13.84802 0.9280376
   [9,]         12.80073         13.34797         13.48300         13.85421 0.9168557
  [10,]         13.16628         13.32930         13.68290         13.79910 1.0096754
  [11,]         13.27232         13.35288         13.65843         13.97000 1.0609991
  [12,]         12.96310         13.29684         13.70977         13.79332 0.9585774
  [13,]         12.91108         13.40838         13.46946         13.63795 1.0218804
  [14,]         13.10257         13.20485         13.54378         13.94036 0.9381435
  [15,]         13.05752         13.54105         13.68435         13.69837 0.9515854
  [16,]         12.79173         13.51350         13.54502         13.95656 0.9672397
  [17,]         13.13354         13.13666         13.77033         13.73392 0.9885052
  [18,]         12.87746         13.16560         13.96447         13.82142 0.9379711
  [19,]         13.03826         13.16682         13.63217         13.70958 0.9638086
  [20,]         13.50720         13.07836         13.63747         13.74751 1.0099919
  [21,]         13.50572         13.11093         13.73998         14.02918 1.0334864
  [22,]         13.34516         13.14705         13.61730         13.79938 0.9515492
  [23,]         13.07189         13.46750         13.78872         13.94460 0.9779712
  [24,]         12.77462         13.33708         13.48815         14.08158 0.9650405
  [25,]         13.34075         13.02004         13.58943         14.08750 0.9903483
  [26,]         13.10428         13.28407         13.83834         14.05620 0.9192739
  [27,]         12.76748         12.98974         13.89397         13.85201 0.9767983
  [28,]         13.16341         13.27278         13.53560         13.86288 0.9253983
  [29,]         13.20666         13.49963         13.78201         13.98518 0.9720917
  [30,]         13.12867         13.31370         13.39709         13.65634 0.8981862
  [31,]         13.13841         13.40317         13.68901         13.98006 0.9260713
  [32,]         13.02985         13.22178         13.77131         13.98119 0.9720099
  [33,]         13.24005         12.93315         13.59266         13.92119 0.8790379
  [34,]         13.07867         13.23530         13.41068         13.62790 0.9283468
  [35,]         12.77314         13.12929         13.56578         13.85371 0.9897534
  [36,]         13.03810         13.50449         13.99706         13.59810 0.9621547
  [37,]         13.03409         13.24284         13.57405         13.66148 0.9376953
  [38,]         13.15144         13.20620         13.63864         14.20700 0.9687793
  [39,]         12.98810         13.43449         13.86397         13.87223 0.9643915
  [40,]         13.04535         12.94024         13.44944         14.12916 0.9519132
  [41,]         12.94554         13.22264         13.71754         13.89921 0.9830918
  [42,]         12.77717         13.28519         13.66757         13.84027 0.8832582
  [43,]         12.85137         13.36962         13.65034         14.02787 0.9350008
  [44,]         12.66616         13.29412         13.69372         13.99306 0.8773013
  [45,]         13.02301         13.38894         13.88731         13.93464 1.0090780
  [46,]         13.15444         13.53265         13.85127         13.94548 1.0315222
  [47,]         12.81462         13.27433         13.57925         13.91998 0.9339737
  [48,]         13.04522         13.20010         13.84337         13.98135 0.9261022
  [49,]         12.94057         13.43313         13.71018         13.59828 0.9405735
  [50,]         13.10022         13.08583         13.83113         13.77238 0.9181682
  [51,]         12.96081         13.34401         13.76484         13.83892 0.9092196
  [52,]         13.20631         13.28691         13.78080         13.73482 0.9985645
  [53,]         12.98168         13.08650         13.85527         13.91257 1.0291954
  [54,]         13.35261         13.45597         13.73324         13.83298 0.9647725
  [55,]         12.94246         13.39670         13.74831         13.82170 0.9299044
  [56,]         12.90939         13.44003         13.62161         13.89411 0.9229400
  [57,]         12.84638         13.36445         13.81612         13.73239 0.9123159
  [58,]         13.25873         13.54172         13.35693         13.59499 0.9670322
  [59,]         13.02955         13.28061         13.68872         13.90981 0.9075729
  [60,]         12.65873         13.40204         13.59020         14.16665 0.9330527
  [61,]         13.00564         13.40253         13.71838         13.82010 0.8622228
  [62,]         13.01821         13.39896         13.40279         14.27151 1.0085524
  [63,]         12.98652         13.08941         13.66269         13.67084 0.8656297
  [64,]         13.18083         13.58907         13.86828         13.81270 0.9853308
  [65,]         13.00166         13.22627         13.74126         13.96541 0.9945321
  [66,]         13.27164         13.15321         13.69632         13.51927 0.9087606
  [67,]         12.92519         13.41233         13.78040         13.82948 0.9016856
  [68,]         13.31051         13.09898         13.56508         13.98103 0.9229187
  [69,]         13.00799         13.41242         13.42451         13.83491 0.8938264
  [70,]         13.02072         13.54092         13.51889         13.87890 0.9621412
  [71,]         13.12410         13.12642         13.65186         14.00029 0.9088226
  [72,]         13.12736         13.07345         13.54475         14.05072 0.9587603
  [73,]         13.08357         13.15978         13.61784         13.71299 0.9805503
  [74,]         13.05298         12.97025         13.72793         13.98126 0.8338146
  [75,]         12.77671         13.18307         13.69183         13.85288 0.9602443
  [76,]         13.02925         13.14486         13.90727         14.09219 0.9727566
        sigmalogsummer t.sd.index
   [1,]      0.8491334 1.03044478
   [2,]      0.8261352 1.02811935
   [3,]      0.8552644 1.59144576
   [4,]      0.8687934 1.58525549
   [5,]      0.8859369 1.80403300
   [6,]      0.8974900 0.80311986
   [7,]      0.9757152 1.70399186
   [8,]      0.9421770 1.46170771
   [9,]      0.7985072 1.38857173
  [10,]      0.8717730 1.85751665
  [11,]      0.8902031 1.29831639
  [12,]      0.8417072 1.82533914
  [13,]      0.8521399 1.09048963
  [14,]      0.8342133 1.68165046
  [15,]      0.9378412 0.90539846
  [16,]      0.9396801 0.68290535
  [17,]      0.9867090 0.95296702
  [18,]      1.0103526 1.40505259
  [19,]      0.7790228 0.49684929
  [20,]      0.8267618 0.98314279
  [21,]      1.0222601 1.50065167
  [22,]      0.9445613 1.06208191
  [23,]      0.8484555 0.77519953
  [24,]      0.9073840 0.39472025
  [25,]      0.8612004 1.92562207
  [26,]      0.8262386 1.67180841
  [27,]      0.9025751 0.63470649
  [28,]      0.8852653 0.30221065
  [29,]      0.8291548 1.99909340
  [30,]      0.8024172 0.89673851
  [31,]      0.8126972 1.24202981
  [32,]      0.9679816 0.37757669
  [33,]      0.8780786 1.13484032
  [34,]      0.8330802 1.00013962
  [35,]      0.8954264 1.99928977
  [36,]      0.8821893 0.63359289
  [37,]      0.8083001 1.52511135
  [38,]      0.8626811 0.59731413
  [39,]      0.8676975 0.94730427
  [40,]      0.9308674 0.30823072
  [41,]      0.8547775 1.86296423
  [42,]      0.8922330 0.34182870
  [43,]      0.8910150 1.42432299
  [44,]      0.9401506 0.57094211
  [45,]      0.8473792 0.29252184
  [46,]      0.9340551 1.55180290
  [47,]      0.9333906 1.64168753
  [48,]      1.0397984 0.95884560
  [49,]      0.8720329 1.33354910
  [50,]      0.8936784 1.89455271
  [51,]      0.8694400 1.14453611
  [52,]      0.8839966 0.41861535
  [53,]      0.9310960 0.56221234
  [54,]      0.8559578 1.64364021
  [55,]      0.8524601 0.26725460
  [56,]      0.8628686 1.87835473
  [57,]      0.8750792 1.84043449
  [58,]      0.8911204 1.49222129
  [59,]      0.9446595 1.14278272
  [60,]      0.9511359 0.46276432
  [61,]      0.8625421 1.29999408
  [62,]      1.0146266 1.29145569
  [63,]      0.9294578 0.54902912
  [64,]      0.8134167 0.64708672
  [65,]      0.8787685 1.00431938
  [66,]      0.9584717 1.44931718
  [67,]      0.8191326 1.55848963
  [68,]      0.8636953 1.13339443
  [69,]      0.8542870 0.82672046
  [70,]      0.9896120 1.23968012
  [71,]      0.8898252 1.67231915
  [72,]      0.8528649 0.48327585
  [73,]      0.9736516 1.31759383
  [74,]      0.7911013 0.63276295
  [75,]      0.8106723 0.75613087
  [76,]      0.8561103 0.56577280
 [ reached 'max' / getOption("max.print") -- omitted 4924 rows ]

attr(,"class")
[1] "mcmc.list"
